{"camera_angle_x": 1.407052755355835, "frames": [{"file_path": "./train/r_0", "transform_matrix": [[0.9999999403953552, 0.0, 0.0, 0.0], [0.0, 0.34631115198135376, -0.9381197094917297, -1.637520432472229], [0.0, 0.9381197690963745, 0.34631115198135376, 0.4100700914859772], [0.0, 0.0, 0.0, 1.0]]}, {"file_path": "./train/r_1", "transform_matrix": [[0.8903101682662964, -0.15795937180519104, 0.42707911133766174, 0.7442305088043213], [0.4553544819355011, 0.3088425397872925, -0.8350260853767395, -1.4551212787628174], [0.0, 0.9379046559333801, 0.34689319133758545, 0.4100700914859772], [0.0, 0.0, 0.0, 1.0]]}, {"file_path": "./train/r_2", "transform_matrix": [[0.909247100353241, -0.14431853592395782, 0.39043790102005005, 0.6807471513748169], [0.41625654697418213, 0.3152411878108978, -0.8528502583503723, -1.486985206604004], [-7.4505792646561986e-09, 0.9379739165306091, 0.34670576453208923, 0.4100700914859772], [0.0, 0.0, 0.0, 1.0]]}, {"file_path": "./train/r_3", "transform_matrix": [[0.9257438778877258, -0.1310146450996399, 0.3547300696372986, 0.6189255714416504], [0.3781510293483734, 0.32073429226875305, -0.8684074282646179, -1.5151790380477905], [-7.4505792646561986e-09, 0.9380643963813782, 0.34646111726760864, 0.4100700914859772], [0.0, 0.0, 0.0, 1.0]]}, {"file_path": "./train/r_4", "transform_matrix": [[0.9400357007980347, -0.11830823123455048, 0.31990015506744385, 0.5575012564659119], [0.34107616543769836, 0.3260677754878998, -0.8816726803779602, -1.5365220308303833], [0.0, 0.9379141926765442, 0.3468674421310425, 0.4100700914859772], [0.0, 0.0, 0.0, 1.0]]}, {"file_path": "./train/r_5", "transform_matrix": [[0.9522773027420044, -0.10585711151361465, 0.2862902879714966, 0.4990161061286926], [0.30523407459259033, 0.33025580644607544, -0.8931759595870972, -1.556843638420105], [0.0, 0.9379367828369141, 0.34680628776550293, 0.4100700914859772], [0.0, 0.0, 0.0, 1.0]]}, {"file_path": "./train/r_6", "transform_matrix": [[0.9712240099906921, -0.08257352560758591, 0.22339534759521484, 0.38950327038764954], [0.23816771805286407, 0.3367265462875366, -0.9109837412834167, -1.5883551836013794], [0.0, 0.937974750995636, 0.34670329093933105, 0.4100700914859772], [0.0, 0.0, 0.0, 1.0]]}, {"file_path": "./train/r_7", "transform_matrix": [[0.9783234596252441, -0.07184236496686935, 0.19422128796577454, 0.338419109582901], [0.20708265900611877, 0.3394058644771576, -0.9175622463226318, -1.5987980365753174], [-7.450580152834618e-09, 0.9378925561904907, 0.3469260334968567, 0.4100700914859772], [0.0, 0.0, 0.0, 1.0]]}, {"file_path": "./train/r_8", "transform_matrix": [[0.9886032342910767, -0.05217017978429794, 0.14121557772159576, 0.24633117020130157], [0.15054422616958618, 0.3425943851470947, -0.9273432493209839, -1.6176228523254395], [0.0, 0.9380338191986084, 0.3465438485145569, 0.4100700914859772], [0.0, 0.0, 0.0, 1.0]]}, {"file_path": "./train/r_9", "transform_matrix": [[0.9921113848686218, 0.04343438148498535, -0.11759442836046219, -0.20516587793827057], [-0.1253594607114792, 0.34374547004699707, -0.9306578636169434, -1.6237099170684814], [3.725290298461914e-09, 0.9380577802658081, 0.3464787006378174, 0.4100700914859772], [0.0, 0.0, 0.0, 1.0]]}, {"file_path": "./train/r_10", "transform_matrix": [[0.9921114444732666, -0.043434176594018936, 0.11759384721517563, 0.2051648497581482], [0.12535884976387024, 0.34374549984931946, -0.9306578636169434, -1.623709797859192], [0.0, 0.9380577802658081, 0.34647873044013977, 0.4100700914859772], [0.0, 0.0, 0.0, 1.0]]}, {"file_path": "./train/r_11", "transform_matrix": [[0.9947582483291626, -0.035463087260723114, 0.0959082618355751, 0.16716976463794708], [0.1022547110915184, 0.3449934124946594, -0.9330185055732727, -1.626267433166504], [-3.725290298461914e-09, 0.9379348754882812, 0.34681129455566406, 0.4100700914859772], [0.0, 0.0, 0.0, 1.0]]}, {"file_path": "./train/r_12", "transform_matrix": [[0.9966886043548584, -0.028212981298565865, 0.07626104354858398, 0.13286356627941132], [0.08131247013807297, 0.34582093358039856, -0.9347706437110901, -1.6285767555236816], [1.8626450382086546e-09, 0.937876284122467, 0.346969872713089, 0.4100700914859772], [0.0, 0.0, 0.0, 1.0]]}, {"file_path": "./train/r_13", "transform_matrix": [[0.9980370402336121, -0.02173093520104885, 0.058734457939863205, 0.10232026129961014], [0.06262562423944473, 0.3463163375854492, -0.936025083065033, -1.630632758140564], [-1.8626450382086546e-09, 0.9378660917282104, 0.3469974398612976, 0.4100700914859772], [0.0, 0.0, 0.0, 1.0]]}, {"file_path": "./train/r_14", "transform_matrix": [[0.9989289045333862, -0.016052693128585815, 0.04339633136987686, 0.07561385631561279], [0.04627018794417381, 0.3465622067451477, -0.9368850588798523, -1.6324304342269897], [0.0, 0.9378896951675415, 0.3469337522983551, 0.4100700914859772], [0.0, 0.0, 0.0, 1.0]]}, {"file_path": "./train/r_15", "transform_matrix": [[0.9994779825210571, -0.011204036884009838, 0.030300455167889595, 0.05281369760632515], [0.032305534929037094, 0.3466336727142334, -0.9374441504478455, -1.633965253829956], [9.313225191043273e-10, 0.937933623790741, 0.34681472182273865, 0.4100700914859772], [0.0, 0.0, 0.0, 1.0]]}, {"file_path": "./train/r_16", "transform_matrix": [[0.999783992767334, -0.007205510046333075, 0.0194958858191967, 0.03399535268545151], [0.020784825086593628, 0.3465968072414398, -0.93778395652771, -1.6352319717407227], [0.0, 0.9379866123199463, 0.3466716706752777, 0.4100700914859772], [0.0, 0.0, 0.0, 1.0]]}, {"file_path": "./train/r_17", "transform_matrix": [[0.9999309182167053, -0.004072645679116249, 0.01102440059185028, 0.019231252372264862], [0.011752608232200146, 0.3465072214603424, -0.9379737377166748, -1.636225938796997], [2.3283062977608182e-10, 0.9380384087562561, 0.3465311825275421, 0.4100700914859772], [0.0, 0.0, 0.0, 1.0]]}, {"file_path": "./train/r_18", "transform_matrix": [[0.9999862313270569, -0.001819464610889554, 0.004927060566842556, 0.00859778467565775], [0.005252273753285408, 0.3464098870754242, -0.9380685091018677, -1.63694167137146], [0.0, 0.9380815029144287, 0.3464146554470062, 0.4100700914859772], [0.0, 0.0, 0.0, 1.0]]}, {"file_path": "./train/r_19", "transform_matrix": [[0.9840623140335083, 0.06167888268828392, -0.16678455471992493, -0.2906729578971863], [-0.1778239905834198, 0.3413254916667938, -0.9229710102081299, -1.6085585355758667], [0.0, 0.9379192590713501, 0.3468535244464874, 0.4100700914859772], [0.0, 0.0, 0.0, 1.0]]}, {"file_path": "./train/r_20", "transform_matrix": [[0.9783232808113098, 0.07184263318777084, -0.19422204792499542, -0.33842048048973083], [-0.20708346366882324, 0.33940577507019043, -0.9175621271133423, -1.5987979173660278], [7.450580152834618e-09, 0.9378925561904907, 0.3469259738922119, 0.4100700914859772], [0.0, 0.0, 0.0, 1.0]]}, {"file_path": "./train/r_21", "transform_matrix": [[0.9712239503860474, 0.08257360756397247, -0.22339563071727753, -0.3895038366317749], [-0.23816800117492676, 0.33672645688056946, -0.9109837412834167, -1.5883554220199585], [7.450580152834618e-09, 0.9379748702049255, 0.3467032015323639, 0.4100700914859772], [0.0, 0.0, 0.0, 1.0]]}, {"file_path": "./train/r_22", "transform_matrix": [[0.9626097679138184, 0.09382196515798569, -0.25412559509277344, -0.4435419738292694], [-0.27089178562164307, 0.3333948850631714, -0.9030312895774841, -1.576119303703308], [0.0, 0.9381073117256165, 0.3463447690010071, 0.4100700914859772], [0.0, 0.0, 0.0, 1.0]]}, {"file_path": "./train/r_23", "transform_matrix": [[0.9522769451141357, 0.10585750639438629, -0.2862913906574249, -0.4990181028842926], [-0.30523523688316345, 0.3302556276321411, -0.8931756019592285, -1.5568431615829468], [0.0, 0.9379367828369141, 0.34680625796318054, 0.4100700914859772], [0.0, 0.0, 0.0, 1.0]]}, {"file_path": "./train/r_24", "transform_matrix": [[0.9257434606552124, 0.13101497292518616, -0.354731023311615, -0.6189273595809937], [-0.37815213203430176, 0.32073402404785156, -0.8684069514274597, -1.5151785612106323], [-7.450580596923828e-09, 0.9380643367767334, 0.3464610278606415, 0.4100700914859772], [0.0, 0.0, 0.0, 1.0]]}, {"file_path": "./train/r_25", "transform_matrix": [[0.8903098702430725, 0.15795956552028656, -0.4270796775817871, -0.7442315816879272], [-0.45535507798194885, 0.30884242057800293, -0.8350258469581604, -1.4551210403442383], [0.0, 0.9379046559333801, 0.34689316153526306, 0.4100700914859772], [0.0, 0.0, 0.0, 1.0]]}, {"file_path": "./train/r_26", "transform_matrix": [[0.8688344359397888, 0.1715417206287384, -0.4644352197647095, -0.8102995753288269], [-0.4951026737689972, 0.3010312020778656, -0.8150174617767334, -1.4219599962234497], [-1.4901161193847656e-08, 0.9380584359169006, 0.34647703170776367, 0.4100700914859772], [0.0, 0.0, 0.0, 1.0]]}, {"file_path": "./train/r_27", "transform_matrix": [[0.8447006940841675, 0.18562068045139313, -0.5020216703414917, -0.8750619888305664], [-0.5352389812469482, 0.2929418385028839, -0.7922778725624084, -1.3810006380081177], [0.0, 0.9379392266273499, 0.3467995822429657, 0.4100700914859772], [0.0, 0.0, 0.0, 1.0]]}, {"file_path": "./train/r_28", "transform_matrix": [[0.8176838159561157, 0.19968408346176147, -0.5399252772331238, -0.9409289956092834], [-0.5756674408912659, 0.283633291721344, -0.7669153213500977, -1.3365050554275513], [0.0, 0.9379116892814636, 0.3468739986419678, 0.4100700914859772], [0.0, 0.0, 0.0, 1.0]]}, {"file_path": "./train/r_29", "transform_matrix": [[0.7877854108810425, 0.2133881002664566, -0.5778058171272278, -1.0082122087478638], [-0.6159496903419495, 0.2729184627532959, -0.7390003204345703, -1.2894800901412964], [0.0, 0.9380730986595154, 0.3464375138282776, 0.4100700914859772], [0.0, 0.0, 0.0, 1.0]]}, {"file_path": "./train/r_30", "transform_matrix": [[0.7548336386680603, 0.22756889462471008, -0.6151734590530396, -1.0718350410461426], [-0.6559160947799683, 0.26188817620277405, -0.70794677734375, -1.2334767580032349], [0.0, 0.9378843307495117, 0.34694814682006836, 0.4100700914859772], [0.0, 0.0, 0.0, 1.0]]}, {"file_path": "./train/r_31", "transform_matrix": [[0.7187612652778625, 0.24098816514015198, -0.6521555185317993, -1.1373540163040161], [-0.6952568292617798, 0.24913522601127625, -0.6742028594017029, -1.1758044958114624], [0.0, 0.938006579875946, 0.3466174602508545, 0.4100700914859772], [0.0, 0.0, 0.0, 1.0]]}, {"file_path": "./train/r_32", "transform_matrix": [[0.6372116208076477, 0.26728153228759766, -0.7228567004203796, -1.259961724281311], [-0.7706888914108276, 0.22099049389362335, -0.5976637005805969, -1.0417463779449463], [-1.4901161193847656e-08, 0.9379359483718872, 0.3468085527420044, 0.4100700914859772], [0.0, 0.0, 0.0, 1.0]]}, {"file_path": "./train/r_33", "transform_matrix": [[0.9999862313270569, 0.0018191435374319553, -0.0049261911772191525, -0.0085962675511837], [-0.005251346156001091, 0.3464098870754242, -0.9380685687065125, -1.6369417905807495], [0.0, 0.9380815029144287, 0.3464146554470062, 0.4100700914859772], [0.0, 0.0, 0.0, 1.0]]}, {"file_path": "./train/r_34", "transform_matrix": [[0.5917559862136841, 0.27947869896888733, -0.7561193108558655, -1.3183621168136597], [-0.8061171174049377, 0.2051602602005005, -0.5550535321235657, -0.9677858352661133], [0.0, 0.9379770755767822, 0.3466973602771759, 0.4100700914859772], [0.0, 0.0, 0.0, 1.0]]}, {"file_path": "./train/r_35", "transform_matrix": [[0.5430883169174194, 0.2912580668926239, -0.7875428199768066, -1.372469425201416], [-0.8396754860877991, 0.18838094174861908, -0.5093697905540466, -0.8876907825469971], [0.0, 0.9379133582115173, 0.34686973690986633, 0.4100700914859772], [0.0, 0.0, 0.0, 1.0]]}, {"file_path": "./train/r_36", "transform_matrix": [[0.4914737343788147, 0.3018004894256592, -0.8169271945953369, -1.4250261783599854], [-0.870892345905304, 0.17031611502170563, -0.4610193967819214, -0.8041900396347046], [-1.4901160305669237e-08, 0.9380345940589905, 0.3465416431427002, 0.4100700914859772], [0.0, 0.0, 0.0, 1.0]]}, {"file_path": "./train/r_37", "transform_matrix": [[0.31943759322166443, 0.328708678483963, -0.8887689709663391, -1.5488206148147583], [-0.9476072788238525, 0.11080741137266159, -0.29960325360298157, -0.5221061110496521], [0.0, 0.9379085898399353, 0.34688276052474976, 0.4100700914859772], [0.0, 0.0, 0.0, 1.0]]}, {"file_path": "./train/r_38", "transform_matrix": [[0.2570449411869049, 0.3347746729850769, -0.906561553478241, -1.5819628238677979], [-0.9663994312286377, 0.08904407918453217, -0.24112915992736816, -0.42077380418777466], [7.450580152834618e-09, 0.9380815625190735, 0.3464144170284271, 0.4100700914859772], [0.0, 0.0, 0.0, 1.0]]}, {"file_path": "./train/r_39", "transform_matrix": [[0.1924155354499817, 0.3404407799243927, -0.9203674793243408, -1.603697419166565], [-0.9813135266304016, 0.06675347685813904, -0.18046525120735168, -0.31445229053497314], [0.0, 0.9378933906555176, 0.3469235301017761, 0.4100700914859772], [0.0, 0.0, 0.0, 1.0]]}, {"file_path": "./train/r_40", "transform_matrix": [[0.12596020102500916, 0.3437083661556244, -0.9305905103683472, -1.6236430406570435], [-0.9920353293418884, 0.04364116117358208, -0.11815846711397171, -0.206156387925148], [-3.725290298461914e-09, 0.9380617737770081, 0.34646788239479065, 0.4100700914859772], [0.0, 0.0, 0.0, 1.0]]}, {"file_path": "./train/r_41", "transform_matrix": [[0.05784996226429939, 0.3464061915874481, -0.9362990856170654, -1.6311578750610352], [-0.9983252286911011, 0.02007320150732994, -0.05425573140382767, -0.09452071785926819], [-1.862645149230957e-09, 0.9378697872161865, 0.3469872772693634, 0.4100700914859772], [0.0, 0.0, 0.0, 1.0]]}, {"file_path": "./train/r_42", "transform_matrix": [[0.9999309182167053, 0.0040728081949055195, -0.0110248401761055, -0.019232019782066345], [-0.011753079481422901, 0.3465072214603424, -0.93797367811203, -1.6362258195877075], [-2.3283064365386963e-10, 0.9380384087562561, 0.3465311825275421, 0.4100700914859772], [0.0, 0.0, 0.0, 1.0]]}, {"file_path": "./train/r_43", "transform_matrix": [[-0.011419019661843777, 0.3465029299259186, -0.9379794597625732, -1.6362626552581787], [-0.9999347925186157, -0.003956981934607029, 0.010711504146456718, 0.018685733899474144], [-2.3283062977608182e-10, 0.9380404949188232, 0.34652554988861084, 0.4100700914859772], [0.0, 0.0, 0.0, 1.0]]}, {"file_path": "./train/r_44", "transform_matrix": [[-0.08163423836231232, 0.3458103537559509, -0.934746503829956, -1.6285414695739746], [-0.9966623783111572, -0.02832450345158577, 0.07656285911798477, 0.13338994979858398], [-1.862645149230957e-09, 0.9378767609596252, 0.3469684422016144, 0.4100700914859772], [0.0, 0.0, 0.0, 1.0]]}, {"file_path": "./train/r_45", "transform_matrix": [[-0.15220321714878082, 0.3425314426422119, -0.9270957112312317, -1.6170724630355835], [-0.988349199295044, -0.05274895951151848, 0.14277034997940063, 0.24902498722076416], [0.0, 0.9380244016647339, 0.3465692400932312, 0.4100700914859772], [0.0, 0.0, 0.0, 1.0]]}, {"file_path": "./train/r_46", "transform_matrix": [[-0.22291716933250427, 0.33812379837036133, -0.9143195152282715, -1.5934901237487793], [-0.9748373031616211, -0.07731916010379791, 0.20907850563526154, 0.3643852472305298], [0.0, 0.9379200339317322, 0.3468514680862427, 0.4100700914859772], [0.0, 0.0, 0.0, 1.0]]}, {"file_path": "./train/r_47", "transform_matrix": [[-0.29309651255607605, 0.33146199584007263, -0.8967872262001038, -1.5636738538742065], [-0.9560828804969788, -0.10161289572715759, 0.2749188542366028, 0.4793594181537628], [7.450580596923828e-09, 0.9379807114601135, 0.3466874957084656, 0.4100700914859772], [0.0, 0.0, 0.0, 1.0]]}, {"file_path": "./train/r_48", "transform_matrix": [[-0.36254531145095825, 0.3231049180030823, -0.8741648197174072, -1.5242100954055786], [-0.9319661259651184, -0.12569144368171692, 0.34005993604660034, 0.5929348468780518], [0.0, 0.9379792213439941, 0.34669166803359985, 0.4100700914859772], [0.0, 0.0, 0.0, 1.0]]}, {"file_path": "./train/r_49", "transform_matrix": [[-0.4305402338504791, 0.3130481541156769, -0.8465434908866882, -1.4754165410995483], [-0.9025713205337524, -0.14932872354984283, 0.4038141369819641, 0.7037961483001709], [1.4901160305669237e-08, 0.9379242062568665, 0.3468402922153473, 0.4100700914859772], [0.0, 0.0, 0.0, 1.0]]}, {"file_path": "./train/r_50", "transform_matrix": [[-0.5607941150665283, 0.2872430086135864, -0.7765316367149353, -1.3530426025390625], [-0.8279551863670349, -0.19455665349960327, 0.5259637236595154, 0.9164485931396484], [0.0, 0.9378907680511475, 0.346930593252182, 0.4100700914859772], [0.0, 0.0, 0.0, 1.0]]}, {"file_path": "./train/r_51", "transform_matrix": [[-0.6220036745071411, 0.2713656723499298, -0.7344876527786255, -1.2811330556869507], [-0.783014178276062, -0.21556498110294342, 0.5834555625915527, 1.0176947116851807], [0.0, 0.9380258321762085, 0.3465653955936432, 0.4100700914859772], [0.0, 0.0, 0.0, 1.0]]}, {"file_path": "./train/r_52", "transform_matrix": [[-0.6800678968429565, 0.254293292760849, -0.6876354217529297, -1.1984243392944336], [-0.7331490516662598, -0.23588205873966217, 0.6378495693206787, 1.1116565465927124], [1.4901160305669237e-08, 0.9379203915596008, 0.3468506932258606, 0.4100700914859772], [0.0, 0.0, 0.0, 1.0]]}, {"file_path": "./train/r_53", "transform_matrix": [[-0.7343915104866028, 0.235426127910614, -0.6365874409675598, -1.1094119548797607], [-0.6787260174751282, -0.2547345459461212, 0.6887969970703125, 1.2004001140594482], [0.0, 0.9379152059555054, 0.3468647301197052, 0.4100700914859772], [0.0, 0.0, 0.0, 1.0]]}, {"file_path": "./train/r_54", "transform_matrix": [[-0.7847023606300354, 0.21479974687099457, -0.5814664363861084, -1.0143511295318604], [-0.6198726892471313, -0.2719168961048126, 0.7360835075378418, 1.2840760946273804], [0.0, 0.9380416870117188, 0.34652236104011536, 0.4100700914859772], [0.0, 0.0, 0.0, 1.0]]}, {"file_path": "./train/r_55", "transform_matrix": [[-0.8304803967475891, 0.19325613975524902, -0.5224502682685852, -0.9103303551673889], [-0.5570477247238159, -0.288117915391922, 0.7789003849029541, 1.3571754693984985], [0.0, 0.9378912448883057, 0.3469291925430298, 0.4100700914859772], [0.0, 0.0, 0.0, 1.0]]}, {"file_path": "./train/r_56", "transform_matrix": [[-0.8713943362236023, 0.170014888048172, -0.4601813554763794, -0.8026934862136841], [-0.49058330059051514, -0.30198749899864197, 0.8173931837081909, 1.4257774353027344], [-1.4901161193847656e-08, 0.9380290508270264, 0.3465566337108612, 0.4100700914859772], [0.0, 0.0, 0.0, 1.0]]}, {"file_path": "./train/r_57", "transform_matrix": [[-0.9071611762046814, 0.14590933918952942, -0.3946758806705475, -0.6880356669425964], [-0.4207833409309387, -0.3145640194416046, 0.85087651014328, 1.483327031135559], [-7.450580596923828e-09, 0.9379552006721497, 0.3467564582824707, 0.4100700914859772], [0.0, 0.0, 0.0, 1.0]]}, {"file_path": "./train/r_58", "transform_matrix": [[-0.9373887181282043, 0.12079441547393799, -0.32666656374931335, -0.5693604946136475], [-0.34828484058380127, -0.3251112699508667, 0.8792043924331665, 1.5324013233184814], [0.0, 0.9379293322563171, 0.3468264937400818, 0.4100700914859772], [0.0, 0.0, 0.0, 1.0]]}, {"file_path": "./train/r_59", "transform_matrix": [[-0.9619170427322388, 0.09468285739421844, -0.25641894340515137, -0.44748562574386597], [-0.2733413577079773, -0.3331989347934723, 0.9023652076721191, 1.5747488737106323], [0.0, 0.938090443611145, 0.3463904857635498, 0.4100700914859772], [0.0, 0.0, 0.0, 1.0]]}, {"file_path": "./train/r_60", "transform_matrix": [[-0.9804838299751282, 0.06820661574602127, -0.18438909947872162, -0.321282297372818], [-0.1965998113155365, -0.34016045928001404, 0.9195864796638489, 1.6023011207580566], [0.0, 0.9378905296325684, 0.34693121910095215, 0.4100700914859772], [0.0, 0.0, 0.0, 1.0]]}, {"file_path": "./train/r_61", "transform_matrix": [[-0.9929490089416504, 0.04108598455786705, -0.11119426041841507, -0.19393494725227356], [-0.11854206770658493, -0.3441503047943115, 0.931401252746582, 1.6244657039642334], [0.0, 0.9380151629447937, 0.3465941250324249, 0.4100700914859772], [0.0, 0.0, 0.0, 1.0]]}, {"file_path": "./train/r_62", "transform_matrix": [[0.9994779825210571, 0.011203987523913383, -0.03030032478272915, -0.05281347036361694], [-0.03230539709329605, 0.3466336727142334, -0.9374441504478455, -1.633965253829956], [9.313225191043273e-10, 0.937933623790741, 0.34681472182273865, 0.4100700914859772], [0.0, 0.0, 0.0, 1.0]]}, {"file_path": "./train/r_63", "transform_matrix": [[-0.99921715259552, -0.013722898438572884, 0.03710409253835678, 0.06465952843427658], [0.039560478180646896, -0.34661248326301575, 0.9371737837791443, 1.6331678628921509], [9.313225191043273e-10, 0.9379081130027771, 0.34688398241996765, 0.4100700914859772], [0.0, 0.0, 0.0, 1.0]]}, {"file_path": "./train/r_64", "transform_matrix": [[-0.9929487705230713, -0.041086550801992416, 0.11119581013917923, 0.19393767416477203], [0.11854369193315506, -0.34415021538734436, 0.9314011931419373, 1.6244657039642334], [0.0, 0.9380152225494385, 0.34659409523010254, 0.4100700914859772], [0.0, 0.0, 0.0, 1.0]]}, {"file_path": "./train/r_65", "transform_matrix": [[-0.9804834127426147, -0.06820731610059738, 0.18439103662967682, 0.3212857246398926], [0.19660186767578125, -0.3401602506637573, 0.9195861220359802, 1.6023006439208984], [0.0, 0.9378905892372131, 0.3469311594963074, 0.4100700914859772], [0.0, 0.0, 0.0, 1.0]]}, {"file_path": "./train/r_66", "transform_matrix": [[-0.9619165062904358, -0.09468355774879456, 0.2564208209514618, 0.4474888741970062], [0.27334338426589966, -0.33319878578186035, 0.9023646712303162, 1.574747920036316], [7.450580152834618e-09, 0.938090443611145, 0.3463904857635498, 0.4100700914859772], [0.0, 0.0, 0.0, 1.0]]}, {"file_path": "./train/r_67", "transform_matrix": [[-0.9071602821350098, -0.14590996503829956, 0.39467760920524597, 0.68803870677948], [0.42078515887260437, -0.31456369161605835, 0.8508756756782532, 1.4833256006240845], [7.450580596923828e-09, 0.9379552006721497, 0.3467564582824707, 0.4100700914859772], [0.0, 0.0, 0.0, 1.0]]}, {"file_path": "./train/r_68", "transform_matrix": [[-0.8713935017585754, -0.1700153797864914, 0.460182785987854, 0.802696168422699], [0.4905848205089569, -0.3019871115684509, 0.8173923492431641, 1.4257762432098389], [0.0, 0.9380291104316711, 0.34655654430389404, 0.4100700914859772], [0.0, 0.0, 0.0, 1.0]]}, {"file_path": "./train/r_69", "transform_matrix": [[-0.8304795622825623, -0.19325658679008484, 0.5224514603614807, 0.9103325009346008], [0.557049036026001, -0.2881176471710205, 0.778899610042572, 1.3571741580963135], [1.4901160305669237e-08, 0.9378913640975952, 0.3469291925430298, 0.4100700914859772], [0.0, 0.0, 0.0, 1.0]]}, {"file_path": "./train/r_70", "transform_matrix": [[-0.784701406955719, -0.21480019390583038, 0.5814675092697144, 1.0143530368804932], [0.6198738813400269, -0.27191662788391113, 0.7360826134681702, 1.2840745449066162], [-1.4901162970204496e-08, 0.938041627407074, 0.34652236104011536, 0.4100700914859772], [0.0, 0.0, 0.0, 1.0]]}, {"file_path": "./train/r_71", "transform_matrix": [[0.998928964138031, 0.016052521765232086, -0.043395884335041046, -0.07561307400465012], [-0.04626970738172531, 0.34656211733818054, -0.9368852376937866, -1.6324306726455688], [-9.313225191043273e-10, 0.9378896355628967, 0.3469337522983551, 0.4100700914859772], [0.0, 0.0, 0.0, 1.0]]}, {"file_path": "./train/r_72", "transform_matrix": [[-0.7343901991844177, -0.2354266196489334, 0.6365888118743896, 1.1094143390655518], [0.6787274479866028, -0.254734069108963, 0.6887957453727722, 1.2003979682922363], [0.0, 0.9379152059555054, 0.3468647301197052, 0.4100700914859772], [0.0, 0.0, 0.0, 1.0]]}, {"file_path": "./train/r_73", "transform_matrix": [[-0.6800666451454163, -0.2542937099933624, 0.6876365542411804, 1.1984262466430664], [0.7331502437591553, -0.23588162660598755, 0.6378483772277832, 1.1116544008255005], [0.0, 0.9379203915596008, 0.346850723028183, 0.4100700914859772], [0.0, 0.0, 0.0, 1.0]]}, {"file_path": "./train/r_74", "transform_matrix": [[-0.6220023036003113, -0.2713660001754761, 0.7344886660575867, 1.2811349630355835], [0.7830153703689575, -0.21556445956230164, 0.5834542512893677, 1.0176925659179688], [0.0, 0.9380258917808533, 0.3465653359889984, 0.4100700914859772], [0.0, 0.0, 0.0, 1.0]]}, {"file_path": "./train/r_75", "transform_matrix": [[-0.49683135747909546, -0.30066078901290894, 0.8141017556190491, 1.4204961061477661], [0.8678470849990845, -0.1721244603395462, 0.46606284379959106, 0.8132158517837524], [0.0, 0.93807053565979, 0.34644442796707153, 0.4100700914859772], [0.0, 0.0, 0.0, 1.0]]}, {"file_path": "./train/r_76", "transform_matrix": [[-0.43053850531578064, -0.31304845213890076, 0.8465443253517151, 1.4754178524017334], [0.9025722146034241, -0.14932812750339508, 0.4038124978542328, 0.7037932276725769], [0.0, 0.9379242062568665, 0.34684035181999207, 0.4100700914859772], [0.0, 0.0, 0.0, 1.0]]}, {"file_path": "./train/r_77", "transform_matrix": [[-0.36254268884658813, -0.3231053054332733, 0.8741657137870789, 1.5242115259170532], [0.9319670796394348, -0.12569056451320648, 0.34005749225616455, 0.5929305553436279], [0.0, 0.9379791617393494, 0.34669169783592224, 0.4100700914859772], [0.0, 0.0, 0.0, 1.0]]}, {"file_path": "./train/r_78", "transform_matrix": [[-0.2229156643152237, -0.3381239175796509, 0.9143198132514954, 1.593490481376648], [0.9748377203941345, -0.07731863111257553, 0.20907706022262573, 0.36438268423080444], [0.0, 0.9379200339317322, 0.34685149788856506, 0.4100700914859772], [0.0, 0.0, 0.0, 1.0]]}, {"file_path": "./train/r_79", "transform_matrix": [[-0.15220215916633606, -0.3425315022468567, 0.927095890045166, 1.617072582244873], [0.9883493185043335, -0.05274859070777893, 0.14276935160160065, 0.2490232288837433], [3.725290076417309e-09, 0.9380243420600891, 0.3465692698955536, 0.4100700914859772], [0.0, 0.0, 0.0, 1.0]]}, {"file_path": "./train/r_80", "transform_matrix": [[0.9980369806289673, 0.021731121465563774, -0.058734964579343796, -0.10232115536928177], [-0.06262616813182831, 0.34631627798080444, -0.936025083065033, -1.6306328773498535], [0.0, 0.9378660917282104, 0.3469974100589752, 0.4100700914859772], [0.0, 0.0, 0.0, 1.0]]}, {"file_path": "./train/r_81", "transform_matrix": [[-0.08163344860076904, -0.3458104133605957, 0.9347466230392456, 1.6285414695739746], [0.996662437915802, -0.02832423336803913, 0.07656212896108627, 0.1333886682987213], [0.0, 0.9378767609596252, 0.34696847200393677, 0.4100700914859772], [0.0, 0.0, 0.0, 1.0]]}, {"file_path": "./train/r_82", "transform_matrix": [[-0.011418179608881474, -0.3465029299259186, 0.9379794597625732, 1.6362626552581787], [0.9999347925186157, -0.003956690896302462, 0.010710716247558594, 0.01868435926735401], [2.3283062977608182e-10, 0.9380404949188232, 0.34652554988861084, 0.4100700914859772], [0.0, 0.0, 0.0, 1.0]]}, {"file_path": "./train/r_83", "transform_matrix": [[0.12596173584461212, -0.34370821714401245, 0.9305902719497681, 1.6236430406570435], [0.9920350909233093, 0.04364169016480446, -0.11815990507602692, -0.20615893602371216], [-3.725290298461914e-09, 0.9380618333816528, 0.3464678227901459, 0.4100700914859772], [0.0, 0.0, 0.0, 1.0]]}, {"file_path": "./train/r_84", "transform_matrix": [[0.19241634011268616, -0.3404407203197479, 0.9203673601150513, 1.603697419166565], [0.9813133478164673, 0.06675375998020172, -0.18046602606773376, -0.314453661441803], [0.0, 0.9378934502601624, 0.34692350029945374, 0.4100700914859772], [0.0, 0.0, 0.0, 1.0]]}, {"file_path": "./train/r_85", "transform_matrix": [[0.25704577565193176, -0.33477455377578735, 0.9065613746643066, 1.5819628238677979], [0.9663991928100586, 0.08904435485601425, -0.24112994968891144, -0.42077529430389404], [0.0, 0.938081681728363, 0.34641435742378235, 0.4100700914859772], [0.0, 0.0, 0.0, 1.0]]}, {"file_path": "./train/r_86", "transform_matrix": [[0.31943872570991516, -0.3287084698677063, 0.8887685537338257, 1.5488200187683105], [0.9476069211959839, 0.11080777645111084, -0.29960429668426514, -0.5221079587936401], [0.0, 0.9379085302352905, 0.346882700920105, 0.4100700914859772], [0.0, 0.0, 0.0, 1.0]]}, {"file_path": "./train/r_87", "transform_matrix": [[0.3794845640659332, -0.32052305340766907, 0.8679034113883972, 1.5144039392471313], [0.9251980185508728, 0.13146758079528809, -0.35598427057266235, -0.621156632900238], [0.0, 0.9380730986595154, 0.3464372456073761, 0.4100700914859772], [0.0, 0.0, 0.0, 1.0]]}, {"file_path": "./train/r_88", "transform_matrix": [[0.49147433042526245, -0.30180034041404724, 0.816926896572113, 1.4250258207321167], [0.8708921074867249, 0.17031629383563995, -0.461019903421402, -0.8041910529136658], [0.0, 0.9380345940589905, 0.3465416133403778, 0.4100700914859772], [0.0, 0.0, 0.0, 1.0]]}, {"file_path": "./train/r_89", "transform_matrix": [[0.9966886043548584, 0.028213219717144966, -0.07626169174909592, -0.13286469876766205], [-0.08131316304206848, 0.34582090377807617, -0.9347706437110901, -1.6285767555236816], [-1.8626450382086546e-09, 0.937876284122467, 0.346969872713089, 0.4100700914859772], [0.0, 0.0, 0.0, 1.0]]}, {"file_path": "./train/r_90", "transform_matrix": [[0.5430887341499329, -0.29125794768333435, 0.7875425815582275, 1.3724690675735474], [0.8396753072738647, 0.18838107585906982, -0.5093701481819153, -0.8876913785934448], [-1.4901161193847656e-08, 0.9379133582115173, 0.34686973690986633, 0.4100700914859772], [0.0, 0.0, 0.0, 1.0]]}, {"file_path": "./train/r_91", "transform_matrix": [[0.59175705909729, -0.27947837114334106, 0.7561185956001282, 1.3183610439300537], [0.8061162829399109, 0.20516060292720795, -0.5550545454025269, -0.9677876830101013], [-1.4901161193847656e-08, 0.9379770159721375, 0.3466973304748535, 0.4100700914859772], [0.0, 0.0, 0.0, 1.0]]}, {"file_path": "./train/r_92", "transform_matrix": [[0.6372116804122925, -0.2672814726829529, 0.7228568196296692, 1.2599618434906006], [0.7706888318061829, 0.22099044919013977, -0.5976637601852417, -1.0417464971542358], [0.0, 0.937936007976532, 0.3468085527420044, 0.4100700914859772], [0.0, 0.0, 0.0, 1.0]]}, {"file_path": "./train/r_93", "transform_matrix": [[0.6796120405197144, -0.2544434368610382, 0.6880304217338562, 1.1990958452224731], [0.7335715889930725, 0.23572726547718048, -0.6374207735061646, -1.1108936071395874], [0.0, 0.9379186034202576, 0.3468555808067322, 0.4100700914859772], [0.0, 0.0, 0.0, 1.0]]}, {"file_path": "./train/r_94", "transform_matrix": [[0.7187620997428894, -0.24098791182041168, 0.6521547436714172, 1.1373525857925415], [0.6952559947967529, 0.24913552403450012, -0.674203634262085, -1.175805687904358], [1.4901160305669237e-08, 0.938006579875946, 0.3466174900531769, 0.4100700914859772], [0.0, 0.0, 0.0, 1.0]]}, {"file_path": "./train/r_95", "transform_matrix": [[0.7548341751098633, -0.22756868600845337, 0.6151729226112366, 1.0718340873718262], [0.6559154987335205, 0.261888325214386, -0.7079471945762634, -1.2334774732589722], [1.4901160305669237e-08, 0.9378843307495117, 0.34694814682006836, 0.4100700914859772], [0.0, 0.0, 0.0, 1.0]]}, {"file_path": "./train/r_96", "transform_matrix": [[0.7877862453460693, -0.21338774263858795, 0.5778048634529114, 1.00821053981781], [0.6159486174583435, 0.2729187309741974, -0.7390010356903076, -1.2894814014434814], [-1.4901160305669237e-08, 0.9380730986595154, 0.3464375138282776, 0.4100700914859772], [0.0, 0.0, 0.0, 1.0]]}, {"file_path": "./train/r_97", "transform_matrix": [[0.8176841139793396, -0.19968394935131073, 0.5399249792098999, 0.9409283995628357], [0.5756670832633972, 0.28363338112831116, -0.7669156193733215, -1.33650541305542], [-1.4901160305669237e-08, 0.9379116892814636, 0.34687402844429016, 0.4100700914859772], [0.0, 0.0, 0.0, 1.0]]}, {"file_path": "./train/r_98", "transform_matrix": [[0.844701886177063, -0.1856199949979782, 0.5020198822021484, 0.8750588893890381], [0.5352370738983154, 0.29294225573539734, -0.792279064655304, -1.3810027837753296], [0.0, 0.9379392266273499, 0.3467995822429657, 0.4100700914859772], [0.0, 0.0, 0.0, 1.0]]}, {"file_path": "./train/r_99", "transform_matrix": [[0.868834912776947, -0.1715414673089981, 0.4644344449043274, 0.8102980852127075], [0.49510180950164795, 0.3010314404964447, -0.8150179386138916, -1.4219605922698975], [0.0, 0.9380584359169006, 0.34647712111473083, 0.4100700914859772], [0.0, 0.0, 0.0, 1.0]]}]}