{"camera_angle_x": 1.40241539478302, "frames": [{"file_path": "./train/r_0", "transform_matrix": [[0.9999999403953552, 0.0, 0.0, 0.0], [0.0, 0.283715158700943, -0.9589085578918457, -1.637520432472229], [0.0, 0.9589086174964905, 0.283715158700943, 0.6300700902938843], [0.0, 0.0, 0.0, 1.0]]}, {"file_path": "./train/r_1", "transform_matrix": [[0.994758129119873, 0.029055139049887657, -0.09804046154022217, -0.16717062890529633], [-0.10225522518157959, 0.2826538681983948, -0.9537560939788818, -1.626267433166504], [0.0, 0.9587817788124084, 0.2841432988643646, 0.6300700902938843], [0.0, 0.0, 0.0, 1.0]]}, {"file_path": "./train/r_2", "transform_matrix": [[0.9092471599578857, -0.1182389110326767, 0.39911046624183655, 0.6807471513748169], [0.4162566065788269, 0.2582743167877197, -0.8717941045761108, -1.486985206604004], [0.0, 0.9588085412979126, 0.2840529680252075, 0.6300700902938843], [0.0, 0.0, 0.0, 1.0]]}, {"file_path": "./train/r_3", "transform_matrix": [[0.9257439374923706, -0.10733572393655777, 0.3625979423522949, 0.6189255714416504], [0.3781510889530182, 0.26276636123657227, -0.8876686096191406, -1.5151790380477905], [1.4901161193847656e-08, 0.9588705897331238, 0.2838435173034668, 0.6300700902938843], [0.0, 0.0, 0.0, 1.0]]}, {"file_path": "./train/r_4", "transform_matrix": [[0.9400355815887451, -0.09693092852830887, 0.3270128071308136, 0.5575012564659119], [0.34107616543769836, 0.26715007424354553, -0.9012757539749146, -1.5365220308303833], [0.0, 0.9587675929069519, 0.28419142961502075, 0.6300700902938843], [0.0, 0.0, 0.0, 1.0]]}, {"file_path": "./train/r_5", "transform_matrix": [[0.9522773623466492, -0.08672891557216644, 0.29265329241752625, 0.4990161061286926], [0.30523407459259033, 0.27057915925979614, -0.9130274653434753, -1.556843638420105], [0.0, 0.9587830901145935, 0.2841390371322632, 0.6300700902938843], [0.0, 0.0, 0.0, 1.0]]}, {"file_path": "./train/r_6", "transform_matrix": [[0.9626101851463318, -0.07686349004507065, 0.25975677371025085, 0.4435395300388336], [0.27089032530784607, 0.2731347978115082, -0.9230470061302185, -1.5761200189590454], [0.0, 0.9589000344276428, 0.2837439477443695, 0.6300700902938843], [0.0, 0.0, 0.0, 1.0]]}, {"file_path": "./train/r_7", "transform_matrix": [[0.9712240099906921, -0.06765174120664597, 0.22835738956928253, 0.38950327038764954], [0.23816770315170288, 0.2758769989013672, -0.9312185049057007, -1.5883551836013794], [7.450580152834618e-09, 0.9588092565536499, 0.2840508222579956, 0.6300700902938843], [0.0, 0.0, 0.0, 1.0]]}, {"file_path": "./train/r_8", "transform_matrix": [[0.9783234596252441, -0.058861490339040756, 0.198541060090065, 0.338419109582901], [0.20708265900611877, 0.27808013558387756, -0.9379702210426331, -1.5987980365753174], [0.0, 0.9587526917457581, 0.28424152731895447, 0.6300700902938843], [0.0, 0.0, 0.0, 1.0]]}, {"file_path": "./train/r_9", "transform_matrix": [[0.9840623736381531, -0.050533734261989594, 0.17049184441566467, 0.29067182540893555], [0.1778232902288437, 0.27965033054351807, -0.9434905648231506, -1.6085586547851562], [0.0, 0.9587710499763489, 0.2841794788837433, 0.6300700902938843], [0.0, 0.0, 0.0, 1.0]]}, {"file_path": "./train/r_10", "transform_matrix": [[0.9886032342910767, -0.04274166375398636, 0.14434929192066193, 0.24633117020130157], [0.15054422616958618, 0.2806786298751831, -0.9479219317436218, -1.6176228523254395], [0.0, 0.9588495492935181, 0.28391435742378235, 0.6300700902938843], [0.0, 0.0, 0.0, 1.0]]}, {"file_path": "./train/r_11", "transform_matrix": [[0.992111325263977, 0.03558436408638954, -0.12020295113325119, -0.20516587793827057], [-0.125359445810318, 0.2816193401813507, -0.9513020515441895, -1.6237099170684814], [-3.725290076417309e-09, 0.9588661193847656, 0.28385859727859497, 0.6300700902938843], [0.0, 0.0, 0.0, 1.0]]}, {"file_path": "./train/r_12", "transform_matrix": [[0.9921114444732666, -0.03558419272303581, 0.12020235508680344, 0.2051648497581482], [0.12535884976387024, 0.2816193997859955, -0.9513020515441895, -1.623709797859192], [0.0, 0.9588661193847656, 0.28385862708091736, 0.6300700902938843], [0.0, 0.0, 0.0, 1.0]]}, {"file_path": "./train/r_13", "transform_matrix": [[0.9966886639595032, -0.023115437477827072, 0.0779576525092125, 0.13286356627941132], [0.08131247013807297, 0.2833377420902252, -0.9555668830871582, -1.6285767555236816], [1.8626450382086546e-09, 0.9587416052818298, 0.28427907824516296, 0.6300700902938843], [0.0, 0.0, 0.0, 1.0]]}, {"file_path": "./train/r_14", "transform_matrix": [[0.9980370402336121, -0.017804639413952827, 0.060041364282369614, 0.10232026129961014], [0.06262563914060593, 0.2837446630001068, -0.9568526148796082, -1.630632758140564], [-1.8626450382086546e-09, 0.9587346315383911, 0.284302681684494, 0.6300700902938843], [0.0, 0.0, 0.0, 1.0]]}, {"file_path": "./train/r_15", "transform_matrix": [[0.998928964138031, -0.013152217492461205, 0.04436158388853073, 0.07561385631561279], [0.04627018794417381, 0.2839437425136566, -0.9577239155769348, -1.6324304342269897], [0.0, 0.9587507247924805, 0.2842482030391693, 0.6300700902938843], [0.0, 0.0, 0.0, 1.0]]}, {"file_path": "./train/r_16", "transform_matrix": [[0.9994780421257019, -0.009179497137665749, 0.03097393549978733, 0.05281369760632515], [0.032305534929037094, 0.28399792313575745, -0.9582805037498474, -1.633965253829956], [0.0, 0.9587810039520264, 0.2841462194919586, 0.6300700902938843], [0.0, 0.0, 0.0, 1.0]]}, {"file_path": "./train/r_17", "transform_matrix": [[0.9997839331626892, -0.0059033846482634544, 0.01992884837090969, 0.03399535268545151], [0.02078482136130333, 0.2839624285697937, -0.9586101174354553, -1.6352319717407227], [0.0, 0.958817183971405, 0.28402379155158997, 0.6300700902938843], [0.0, 0.0, 0.0, 1.0]]}, {"file_path": "./train/r_18", "transform_matrix": [[0.9999309182167053, -0.00333660701289773, 0.011269023641943932, 0.019231252372264862], [0.011752607300877571, 0.2838838994503021, -0.9587867259979248, -1.636225938796997], [0.0, 0.9588528871536255, 0.2839035391807556, 0.6300700902938843], [0.0, 0.0, 0.0, 1.0]]}, {"file_path": "./train/r_19", "transform_matrix": [[0.9999861717224121, -0.0014906153082847595, 0.005036312621086836, 0.00859778467565775], [0.005252273287624121, 0.2837999165058136, -0.9588690996170044, -1.63694167137146], [-1.1641531488804091e-10, 0.9588823914527893, 0.283803790807724, 0.6300700902938843], [0.0, 0.0, 0.0, 1.0]]}, {"file_path": "./train/r_20", "transform_matrix": [[0.9886030554771423, 0.04274197667837143, -0.1443503499031067, -0.24633298814296722], [-0.15054532885551453, 0.28067857027053833, -0.9479217529296875, -1.61762273311615], [0.0, 0.9588495492935181, 0.28391432762145996, 0.6300700902938843], [0.0, 0.0, 0.0, 1.0]]}, {"file_path": "./train/r_21", "transform_matrix": [[0.9999999403953552, 0.0, 0.0, 0.0], [0.0, 0.283715158700943, -0.9589085578918457, -1.637520432472229], [0.0, 0.9589086174964905, 0.283715158700943, 0.6300700902938843], [0.0, 0.0, 0.0, 1.0]]}, {"file_path": "./train/r_22", "transform_matrix": [[0.9712239503860474, 0.06765180826187134, -0.2283577024936676, -0.3895038366317749], [-0.23816800117492676, 0.2758769094944, -0.9312185645103455, -1.5883554220199585], [-7.450580152834618e-09, 0.9588091969490051, 0.2840507924556732, 0.6300700902938843], [0.0, 0.0, 0.0, 1.0]]}, {"file_path": "./train/r_23", "transform_matrix": [[0.9626098275184631, 0.07686392217874527, -0.25975820422172546, -0.4435419738292694], [-0.27089181542396545, 0.273134708404541, -0.9230465888977051, -1.576119303703308], [0.0, 0.9589000344276428, 0.2837439477443695, 0.6300700902938843], [0.0, 0.0, 0.0, 1.0]]}, {"file_path": "./train/r_24", "transform_matrix": [[0.9522770047187805, 0.0867292508482933, -0.292654424905777, -0.4990181028842926], [-0.30523526668548584, 0.2705790400505066, -0.9130270481109619, -1.5568431615829468], [7.450580596923828e-09, 0.9587830901145935, 0.2841390073299408, 0.6300700902938843], [0.0, 0.0, 0.0, 1.0]]}, {"file_path": "./train/r_25", "transform_matrix": [[0.9257435202598572, 0.10733600705862045, -0.3625989556312561, -0.6189273595809937], [-0.37815213203430176, 0.2627662122249603, -0.887668251991272, -1.5151785612106323], [-7.450580596923828e-09, 0.9588705897331238, 0.2838434875011444, 0.6300700902938843], [0.0, 0.0, 0.0, 1.0]]}, {"file_path": "./train/r_26", "transform_matrix": [[0.9999990463256836, 0.00037451813113875687, -0.0012656956678256392, -0.0021612432319670916], [-0.0013199427630752325, 0.2837378680706024, -0.958901047706604, -1.6373748779296875], [-5.820765050512655e-11, 0.9589018225669861, 0.2837381362915039, 0.6300700902938843], [0.0, 0.0, 0.0, 1.0]]}, {"file_path": "./train/r_27", "transform_matrix": [[0.9092467427253723, 0.11823912709951401, -0.39911121129989624, -0.6807485222816467], [-0.416257381439209, 0.2582741975784302, -0.8717936873435974, -1.4869846105575562], [7.450580152834618e-09, 0.9588085412979126, 0.28405293822288513, 0.6300700902938843], [0.0, 0.0, 0.0, 1.0]]}, {"file_path": "./train/r_28", "transform_matrix": [[0.8903098702430725, 0.1294180005788803, -0.4365767240524292, -0.7442315816879272], [-0.45535504817962646, 0.2530379891395569, -0.8535944819450378, -1.4551210403442383], [7.450580152834618e-09, 0.9587610363960266, 0.2842133939266205, 0.6300700902938843], [0.0, 0.0, 0.0, 1.0]]}, {"file_path": "./train/r_29", "transform_matrix": [[0.8688344955444336, 0.14053845405578613, -0.4747374355792999, -0.8102995753288269], [-0.4951027035713196, 0.2466249018907547, -0.8330963850021362, -1.4219599962234497], [-7.450580152834618e-09, 0.9588665962219238, 0.28385719656944275, 0.6300700902938843], [0.0, 0.0, 0.0, 1.0]]}, {"file_path": "./train/r_30", "transform_matrix": [[0.8176838755607605, 0.16360297799110413, -0.55193030834198, -0.9409289956092834], [-0.5756673812866211, 0.2323833405971527, -0.7839674353599548, -1.3365050554275513], [0.0, 0.9587659239768982, 0.28419700264930725, 0.6300700902938843], [0.0, 0.0, 0.0, 1.0]]}, {"file_path": "./train/r_31", "transform_matrix": [[0.7877854108810425, 0.1748209148645401, -0.5906198024749756, -1.0082122087478638], [-0.6159496903419495, 0.2235919088125229, -0.7553890347480774, -1.2894800901412964], [1.4901160305669237e-08, 0.9588766098022461, 0.2838233411312103, 0.6300700902938843], [0.0, 0.0, 0.0, 1.0]]}, {"file_path": "./train/r_32", "transform_matrix": [[0.7548337578773499, 0.1864510327577591, -0.6288576722145081, -1.0718350410461426], [-0.6559160947799683, 0.21456941962242126, -0.7236946821212769, -1.2334767580032349], [0.0, 0.958747148513794, 0.28426045179367065, 0.6300700902938843], [0.0, 0.0, 0.0, 1.0]]}, {"file_path": "./train/r_33", "transform_matrix": [[0.7187613248825073, 0.19743722677230835, -0.6666337847709656, -1.1373540163040161], [-0.6952568292617798, 0.2041119784116745, -0.6891706585884094, -1.1758044958114624], [0.0, 0.9588309526443481, 0.28397735953330994, 0.6300700902938843], [0.0, 0.0, 0.0, 1.0]]}, {"file_path": "./train/r_34", "transform_matrix": [[0.6796118021011353, 0.20846736431121826, -0.7033270597457886, -1.1990962028503418], [-0.7335717678070068, 0.19313295185565948, -0.6515918374061584, -1.1108932495117188], [0.0, 0.9587705731391907, 0.28418123722076416, 0.6300700902938843], [0.0, 0.0, 0.0, 1.0]]}, {"file_path": "./train/r_35", "transform_matrix": [[0.6372116208076477, 0.21898427605628967, -0.7389230132102966, -1.259961724281311], [-0.7706888318061829, 0.18105795979499817, -0.6109474301338196, -1.0417463779449463], [1.4901160305669237e-08, 0.9587824940681458, 0.28414100408554077, 0.6300700902938843], [0.0, 0.0, 0.0, 1.0]]}, {"file_path": "./train/r_36", "transform_matrix": [[0.9999861717224121, 0.0014903522096574306, -0.005035424139350653, -0.0085962675511837], [-0.005251346621662378, 0.2837998867034912, -0.9588691592216492, -1.6369417905807495], [0.0, 0.9588823914527893, 0.283803790807724, 0.6300700902938843], [0.0, 0.0, 0.0, 1.0]]}, {"file_path": "./train/r_37", "transform_matrix": [[0.5430883765220642, 0.23863019049167633, -0.805053174495697, -1.372469425201416], [-0.8396755456924438, 0.15434210002422333, -0.5206952095031738, -0.8876907825469971], [7.450580596923828e-09, 0.9587669372558594, 0.28419336676597595, 0.6300700902938843], [0.0, 0.0, 0.0, 1.0]]}, {"file_path": "./train/r_38", "transform_matrix": [[0.4914737641811371, 0.24725720286369324, -0.8350553512573242, -1.4250261783599854], [-0.8708924055099487, 0.13953553140163422, -0.4712497293949127, -0.8041900396347046], [0.0, 0.9588501453399658, 0.2839124798774719, 0.6300700902938843], [0.0, 0.0, 0.0, 1.0]]}, {"file_path": "./train/r_39", "transform_matrix": [[0.43683743476867676, 0.25564801692962646, -0.8624483346939087, -1.470291256904602], [-0.8995404839515686, 0.12414853274822235, -0.4188246428966522, -0.7140070796012878], [7.450580596923828e-09, 0.9587653875350952, 0.28419849276542664, 0.6300700902938843], [0.0, 0.0, 0.0, 1.0]]}, {"file_path": "./train/r_40", "transform_matrix": [[0.3794843256473541, 0.2625926733016968, -0.8871508836746216, -1.5144039392471313], [-0.9251981973648071, 0.10770642757415771, -0.36387863755226135, -0.6211561560630798], [-7.450580596923828e-09, 0.9588766098022461, 0.283823162317276, 0.6300700902938843], [0.0, 0.0, 0.0, 1.0]]}, {"file_path": "./train/r_41", "transform_matrix": [[0.2570449411869049, 0.2742675840854645, -0.9266634583473206, -1.5819628238677979], [-0.9663994312286377, 0.07295027375221252, -0.24647590517997742, -0.42077380418777466], [0.0, 0.9588823914527893, 0.2838035523891449, 0.6300700902938843], [0.0, 0.0, 0.0, 1.0]]}, {"file_path": "./train/r_42", "transform_matrix": [[0.9999309182167053, 0.0033367411233484745, -0.01126947347074747, -0.019232019782066345], [-0.011753078550100327, 0.2838839292526245, -0.9587866067886353, -1.6362258195877075], [-2.3283062977608182e-10, 0.9588528871536255, 0.2839035391807556, 0.6300700902938843], [0.0, 0.0, 0.0, 1.0]]}, {"file_path": "./train/r_43", "transform_matrix": [[-0.011419018730521202, 0.28388020396232605, -0.9587917327880859, -1.6362626552581787], [-0.999934732913971, -0.0032418447080999613, 0.01094917580485344, 0.018685733899474144], [2.3283062977608182e-10, 0.9588543176651001, 0.28389865159988403, 0.6300700902938843], [0.0, 0.0, 0.0, 1.0]]}, {"file_path": "./train/r_44", "transform_matrix": [[-0.08163423091173172, 0.283329039812088, -0.9555420279502869, -1.6285414695739746], [-0.9966623187065125, -0.02320680394768715, 0.07826616615056992, 0.13338994979858398], [0.0, 0.9587419033050537, 0.28427785634994507, 0.6300700902938843], [0.0, 0.0, 0.0, 1.0]]}, {"file_path": "./train/r_45", "transform_matrix": [[-0.15220323204994202, 0.2806279957294464, -0.9476719498634338, -1.6170724630355835], [-0.9883492588996887, -0.04321598634123802, 0.14593903720378876, 0.24902498722076416], [0.0, 0.9588431715965271, 0.28393611311912537, 0.6300700902938843], [0.0, 0.0, 0.0, 1.0]]}, {"file_path": "./train/r_46", "transform_matrix": [[-0.22291718423366547, 0.27702704071998596, -0.9346464276313782, -1.5934901237487793], [-0.9748373031616211, -0.06334809958934784, 0.2137266844511032, 0.3643852472305298], [-3.725290076417309e-09, 0.9587715864181519, 0.2841777205467224, 0.6300700902938843], [0.0, 0.0, 0.0, 1.0]]}, {"file_path": "./train/r_47", "transform_matrix": [[-0.29309648275375366, 0.27156323194503784, -0.9167049527168274, -1.5636738538742065], [-0.9560828804969788, -0.08325035125017166, 0.2810248136520386, 0.4793594181537628], [0.0, 0.9588131904602051, 0.28403735160827637, 0.6300700902938843], [0.0, 0.0, 0.0, 1.0]]}, {"file_path": "./train/r_48", "transform_matrix": [[-0.36254528164863586, 0.2647165358066559, -0.893580436706543, -1.5242100954055786], [-0.9319661855697632, -0.1029777005314827, 0.34761282801628113, 0.5929348468780518], [7.450580596923828e-09, 0.9588121771812439, 0.2840408980846405, 0.6300700902938843], [0.0, 0.0, 0.0, 1.0]]}, {"file_path": "./train/r_49", "transform_matrix": [[-0.4305402338504791, 0.2564820647239685, -0.8653624057769775, -1.4754165410995483], [-0.9025712609291077, -0.12234584242105484, 0.41279104351997375, 0.7037961483001709], [7.4505792646561986e-09, 0.9587745070457458, 0.28416818380355835, 0.6300700902938843], [0.0, 0.0, 0.0, 1.0]]}, {"file_path": "./train/r_50", "transform_matrix": [[-0.5607941150665283, 0.23534254729747772, -0.793803334236145, -1.3530426025390625], [-0.8279551863670349, -0.1594032198190689, 0.5376622676849365, 0.9164485931396484], [0.0, 0.9587515592575073, 0.28424546122550964, 0.6300700902938843], [0.0, 0.0, 0.0, 1.0]]}, {"file_path": "./train/r_51", "transform_matrix": [[-0.6220036745071411, 0.2223234474658966, -0.7507887482643127, -1.2811330556869507], [-0.783014178276062, -0.17660726606845856, 0.5964046716690063, 1.0176947116851807], [0.0, 0.9588442444801331, 0.28393280506134033, 0.6300700902938843], [0.0, 0.0, 0.0, 1.0]]}, {"file_path": "./train/r_52", "transform_matrix": [[0.9997839331626892, 0.005903399549424648, -0.01992889866232872, -0.03399543836712837], [-0.020784875378012657, 0.2839624285697937, -0.9586101174354553, -1.6352319717407227], [0.0, 0.958817183971405, 0.28402379155158997, 0.6300700902938843], [0.0, 0.0, 0.0, 1.0]]}, {"file_path": "./train/r_53", "transform_matrix": [[-0.6800678968429565, 0.20834416151046753, -0.7029227018356323, -1.1984243392944336], [-0.7331490516662598, -0.19325973093509674, 0.6520299911499023, 1.1116565465927124], [-1.4901160305669237e-08, 0.958771824836731, 0.2841770648956299, 0.6300700902938843], [0.0, 0.0, 0.0, 1.0]]}, {"file_path": "./train/r_54", "transform_matrix": [[-0.7343915104866028, 0.19288654625415802, -0.6507409811019897, -1.1094119548797607], [-0.6787259578704834, -0.2087060809135437, 0.7041113376617432, 1.2004001140594482], [1.4901158529312397e-08, 0.9587683081626892, 0.2841890752315521, 0.6300700902938843], [0.0, 0.0, 0.0, 1.0]]}, {"file_path": "./train/r_55", "transform_matrix": [[-0.7847023606300354, 0.1759793758392334, -0.5943681597709656, -1.0143511295318604], [-0.6198726892471313, -0.22277383506298065, 0.7524158954620361, 1.2840760946273804], [0.0, 0.9588550925254822, 0.28389599919319153, 0.6300700902938843], [0.0, 0.0, 0.0, 1.0]]}, {"file_path": "./train/r_56", "transform_matrix": [[-0.8304804563522339, 0.15833762288093567, -0.534070611000061, -0.9103303551673889], [-0.5570477247238159, -0.2360592931509018, 0.7962247133255005, 1.3571754693984985], [0.0, 0.9587517976760864, 0.28424426913261414, 0.6300700902938843], [0.0, 0.0, 0.0, 1.0]]}, {"file_path": "./train/r_57", "transform_matrix": [[-0.8713942766189575, 0.1392889767885208, -0.4703940153121948, -0.8026934862136841], [-0.490583211183548, -0.2474108636379242, 0.8355333209037781, 1.4257774353027344], [-7.450580152834618e-09, 0.958846390247345, 0.28392529487609863, 0.6300700902938843], [0.0, 0.0, 0.0, 1.0]]}, {"file_path": "./train/r_58", "transform_matrix": [[-0.9071611762046814, 0.11954303085803986, -0.4034452438354492, -0.6880356669425964], [-0.42078328132629395, -0.2577212452888489, 0.8697822690010071, 1.483327031135559], [-7.450580152834618e-09, 0.9587957262992859, 0.2840963900089264, 0.6300700902938843], [0.0, 0.0, 0.0, 1.0]]}, {"file_path": "./train/r_59", "transform_matrix": [[-0.9373887181282043, 0.09896733611822128, -0.33392781019210815, -0.5693604946136475], [-0.3482848107814789, -0.2663649320602417, 0.8987476825714111, 1.5324013233184814], [7.450580152834618e-09, 0.9587780237197876, 0.28415632247924805, 0.6300700902938843], [0.0, 0.0, 0.0, 1.0]]}, {"file_path": "./train/r_60", "transform_matrix": [[-0.9619171023368835, 0.07756967097520828, -0.2621039152145386, -0.44748562574386597], [-0.2733413577079773, -0.2729758322238922, 0.9223712086677551, 1.5747488737106323], [-7.450580596923828e-09, 0.9588884711265564, 0.28378307819366455, 0.6300700902938843], [0.0, 0.0, 0.0, 1.0]]}, {"file_path": "./train/r_61", "transform_matrix": [[-0.9804837703704834, 0.05588270351290703, -0.18849033117294312, -0.321282297372818], [-0.1965997815132141, -0.278698593378067, 0.9400402307510376, 1.6023011207580566], [0.0, 0.958751380443573, 0.2842459976673126, 0.6300700902938843], [0.0, 0.0, 0.0, 1.0]]}, {"file_path": "./train/r_62", "transform_matrix": [[0.9994780421257019, 0.009179458022117615, -0.030973803251981735, -0.05281347036361694], [-0.03230539709329605, 0.28399792313575745, -0.9582805037498474, -1.633965253829956], [0.0, 0.9587810039520264, 0.2841462194919586, 0.6300700902938843], [0.0, 0.0, 0.0, 1.0]]}, {"file_path": "./train/r_63", "transform_matrix": [[-0.9992172122001648, 0.011242629028856754, -0.03792685642838478, -0.06465563178062439], [-0.03955809772014618, -0.2839830219745636, 0.9580129384994507, 1.63316810131073], [9.313225746154785e-10, 0.9587633013725281, 0.28420552611351013, 0.6300700902938843], [0.0, 0.0, 0.0, 1.0]]}, {"file_path": "./train/r_64", "transform_matrix": [[-0.9992172122001648, -0.011243307031691074, 0.037929143756628036, 0.06465952843427658], [0.039560478180646896, -0.2839830219745636, 0.9580128788948059, 1.6331678628921509], [0.0, 0.9587633013725281, 0.2842055559158325, 0.6300700902938843], [0.0, 0.0, 0.0, 1.0]]}, {"file_path": "./train/r_65", "transform_matrix": [[-0.9929488301277161, -0.033661361783742905, 0.11366408318281174, 0.19393767416477203], [0.11854372173547745, -0.28195515275001526, 0.9520759582519531, 1.6244657039642334], [0.0, 0.9588369131088257, 0.2839573621749878, 0.6300700902938843], [0.0, 0.0, 0.0, 1.0]]}, {"file_path": "./train/r_66", "transform_matrix": [[-0.98048335313797, -0.05588328838348389, 0.1884923279285431, 0.3212857246398926], [0.19660185277462006, -0.2786984443664551, 0.9400398135185242, 1.6023006439208984], [3.725290076417309e-09, 0.958751380443573, 0.28424596786499023, 0.6300700902938843], [0.0, 0.0, 0.0, 1.0]]}, {"file_path": "./train/r_67", "transform_matrix": [[-0.9373881220817566, -0.0989677682518959, 0.33392930030822754, 0.569362998008728], [0.34828633069992065, -0.26636478304862976, 0.8987472057342529, 1.5324004888534546], [0.0, 0.9587780237197876, 0.28415632247924805, 0.6300700902938843], [0.0, 0.0, 0.0, 1.0]]}, {"file_path": "./train/r_68", "transform_matrix": [[-0.8713933825492859, -0.13928940892219543, 0.4703954756259918, 0.802696168422699], [0.4905847907066345, -0.2474105954170227, 0.8355324268341064, 1.4257762432098389], [7.450580596923828e-09, 0.958846390247345, 0.28392523527145386, 0.6300700902938843], [0.0, 0.0, 0.0, 1.0]]}, {"file_path": "./train/r_69", "transform_matrix": [[-0.784701406955719, -0.17597971856594086, 0.5943692326545715, 1.0143530368804932], [0.6198738813400269, -0.22277361154556274, 0.7524150013923645, 1.2840745449066162], [0.0, 0.9588550925254822, 0.28389599919319153, 0.6300700902938843], [0.0, 0.0, 0.0, 1.0]]}, {"file_path": "./train/r_70", "transform_matrix": [[0.998928964138031, 0.013152078725397587, -0.04436111822724342, -0.07561307400465012], [-0.04626970738172531, 0.28394371271133423, -0.9577239751815796, -1.6324306726455688], [-9.313225191043273e-10, 0.9587507247924805, 0.2842481732368469, 0.6300700902938843], [0.0, 0.0, 0.0, 1.0]]}, {"file_path": "./train/r_71", "transform_matrix": [[-0.7343901991844177, -0.19288693368434906, 0.6507424116134644, 1.1094143390655518], [0.6787274479866028, -0.20870566368103027, 0.7041100859642029, 1.2003979682922363], [-1.4901160305669237e-08, 0.9587682485580444, 0.2841890752315521, 0.6300700902938843], [0.0, 0.0, 0.0, 1.0]]}, {"file_path": "./train/r_72", "transform_matrix": [[-0.6220023036003113, -0.22232374548912048, 0.7507898211479187, 1.2811349630355835], [0.7830153107643127, -0.17660686373710632, 0.5964033603668213, 1.0176925659179688], [0.0, 0.9588443040847778, 0.28393277525901794, 0.6300700902938843], [0.0, 0.0, 0.0, 1.0]]}, {"file_path": "./train/r_73", "transform_matrix": [[-0.5607926845550537, -0.2353428155183792, 0.7938043475151062, 1.3530441522598267], [0.8279561996459961, -0.1594027876853943, 0.5376608967781067, 0.9164461493492126], [0.0, 0.9587515592575073, 0.28424549102783203, 0.6300700902938843], [0.0, 0.0, 0.0, 1.0]]}, {"file_path": "./train/r_74", "transform_matrix": [[-0.49683135747909546, -0.24632036685943604, 0.832156777381897, 1.4204961061477661], [0.8678470849990845, -0.14101526141166687, 0.47639909386634827, 0.8132158517837524], [7.450580596923828e-09, 0.9588747620582581, 0.2838292419910431, 0.6300700902938843], [0.0, 0.0, 0.0, 1.0]]}, {"file_path": "./train/r_75", "transform_matrix": [[-0.43053847551345825, -0.2564823031425476, 0.8653631806373596, 1.4754178524017334], [0.9025722146034241, -0.12234535068273544, 0.41278931498527527, 0.7037932276725769], [7.450580152834618e-09, 0.9587745070457458, 0.28416818380355835, 0.6300700902938843], [0.0, 0.0, 0.0, 1.0]]}, {"file_path": "./train/r_76", "transform_matrix": [[-0.36254268884658813, -0.26471686363220215, 0.8935814499855042, 1.5242115259170532], [0.9319670796394348, -0.10297698527574539, 0.34761038422584534, 0.5929305553436279], [-7.450580152834618e-09, 0.9588121175765991, 0.2840409576892853, 0.6300700902938843], [0.0, 0.0, 0.0, 1.0]]}, {"file_path": "./train/r_77", "transform_matrix": [[-0.29309535026550293, -0.2715633511543274, 0.9167051911354065, 1.5636743307113647], [0.9560832381248474, -0.08325003832578659, 0.28102371096611023, 0.4793575704097748], [7.450580596923828e-09, 0.9588131904602051, 0.28403735160827637, 0.6300700902938843], [0.0, 0.0, 0.0, 1.0]]}, {"file_path": "./train/r_78", "transform_matrix": [[-0.2229156792163849, -0.2770271897315979, 0.934646725654602, 1.593490481376648], [0.9748377799987793, -0.06334767490625381, 0.21372520923614502, 0.36438268423080444], [3.725290298461914e-09, 0.9587715864181519, 0.2841777503490448, 0.6300700902938843], [0.0, 0.0, 0.0, 1.0]]}, {"file_path": "./train/r_79", "transform_matrix": [[-0.15220215916633606, -0.2806280851364136, 0.9476721286773682, 1.617072582244873], [0.9883493185043335, -0.04321569204330444, 0.14593802392482758, 0.2490232288837433], [0.0, 0.9588431715965271, 0.28393614292144775, 0.6300700902938843], [0.0, 0.0, 0.0, 1.0]]}, {"file_path": "./train/r_80", "transform_matrix": [[0.9980370402336121, 0.017804790288209915, -0.0600418820977211, -0.10232115536928177], [-0.0626261755824089, 0.2837446331977844, -0.9568526148796082, -1.6306328773498535], [0.0, 0.9587346315383911, 0.28430265188217163, 0.6300700902938843], [0.0, 0.0, 0.0, 1.0]]}, {"file_path": "./train/r_81", "transform_matrix": [[-0.08163344860076904, -0.2833290994167328, 0.9555420875549316, 1.6285414695739746], [0.9966623783111572, -0.02320658601820469, 0.07826542109251022, 0.1333886682987213], [-1.8626450382086546e-09, 0.9587419033050537, 0.28427788615226746, 0.6300700902938843], [0.0, 0.0, 0.0, 1.0]]}, {"file_path": "./train/r_82", "transform_matrix": [[-0.011418179608881474, -0.28388020396232605, 0.9587917327880859, 1.6362626552581787], [0.9999348521232605, -0.0032416062895208597, 0.010948370210826397, 0.01868435926735401], [-2.3283064365386963e-10, 0.9588543176651001, 0.28389865159988403, 0.6300700902938843], [0.0, 0.0, 0.0, 1.0]]}, {"file_path": "./train/r_83", "transform_matrix": [[0.05785062909126282, -0.283817857503891, 0.9571315050125122, 1.6311578750610352], [0.9983252882957458, 0.016446584835648537, -0.05546354502439499, -0.09452180564403534], [0.0, 0.9587371349334717, 0.2842939794063568, 0.6300700902938843], [0.0, 0.0, 0.0, 1.0]]}, {"file_path": "./train/r_84", "transform_matrix": [[0.12596172094345093, -0.28158843517303467, 0.9512317180633545, 1.6236430406570435], [0.9920350313186646, 0.03575414419174194, -0.12078080326318741, -0.20615893602371216], [0.0, 0.9588689208030701, 0.28384929895401, 0.6300700902938843], [0.0, 0.0, 0.0, 1.0]]}, {"file_path": "./train/r_85", "transform_matrix": [[0.19241635501384735, -0.27892786264419556, 0.9408375024795532, 1.603697419166565], [0.9813134074211121, 0.05469229444861412, -0.18447981774806976, -0.314453661441803], [-3.725290298461914e-09, 0.9587532877922058, 0.28423938155174255, 0.6300700902938843], [0.0, 0.0, 0.0, 1.0]]}, {"file_path": "./train/r_86", "transform_matrix": [[0.25704580545425415, -0.2742674648761749, 0.9266632795333862, 1.5819628238677979], [0.9663992524147034, 0.07295049726963043, -0.24647672474384308, -0.42077529430389404], [0.0, 0.9588824510574341, 0.2838034927845001, 0.6300700902938843], [0.0, 0.0, 0.0, 1.0]]}, {"file_path": "./train/r_87", "transform_matrix": [[0.31943872570991516, -0.26931414008140564, 0.9085310697555542, 1.5488200187683105], [0.9476069211959839, 0.0907859280705452, -0.30626624822616577, -0.5221079587936401], [-7.450580596923828e-09, 0.9587636590003967, 0.28420448303222656, 0.6300700902938843], [0.0, 0.0, 0.0, 1.0]]}, {"file_path": "./train/r_88", "transform_matrix": [[0.43683817982673645, -0.2556479275226593, 0.86244797706604, 1.4702907800674438], [0.8995400667190552, 0.12414874136447906, -0.4188253581523895, -0.7140083909034729], [0.0, 0.9587653875350952, 0.28419846296310425, 0.6300700902938843], [0.0, 0.0, 0.0, 1.0]]}, {"file_path": "./train/r_89", "transform_matrix": [[0.9966885447502136, 0.023115631192922592, -0.07795830816030502, -0.13286469876766205], [-0.08131315559148788, 0.28333771228790283, -0.9555667638778687, -1.6285767555236816], [0.0, 0.9587416052818298, 0.2842790484428406, 0.6300700902938843], [0.0, 0.0, 0.0, 1.0]]}, {"file_path": "./train/r_90", "transform_matrix": [[0.5430887341499329, -0.23863014578819275, 0.8050529956817627, 1.3724690675735474], [0.83967524766922, 0.15434221923351288, -0.5206955671310425, -0.8876913785934448], [-7.450580152834618e-09, 0.9587669968605042, 0.28419336676597595, 0.6300700902938843], [0.0, 0.0, 0.0, 1.0]]}, {"file_path": "./train/r_91", "transform_matrix": [[0.5917569994926453, -0.22897394001483917, 0.7729129791259766, 1.3183610439300537], [0.8061162829399109, 0.16808609664440155, -0.5673829913139343, -0.9677876830101013], [0.0, 0.9588107466697693, 0.2840457558631897, 0.6300700902938843], [0.0, 0.0, 0.0, 1.0]]}, {"file_path": "./train/r_92", "transform_matrix": [[0.6372116208076477, -0.21898427605628967, 0.7389230132102966, 1.2599618434906006], [0.7706888318061829, 0.18105795979499817, -0.6109474301338196, -1.0417464971542358], [-1.4901160305669237e-08, 0.9587824940681458, 0.2841409742832184, 0.6300700902938843], [0.0, 0.0, 0.0, 1.0]]}, {"file_path": "./train/r_93", "transform_matrix": [[0.6796121001243591, -0.20846731960773468, 0.7033268809318542, 1.1990958452224731], [0.7335715889930725, 0.19313302636146545, -0.6515920758247375, -1.1108936071395874], [0.0, 0.9587705731391907, 0.28418123722076416, 0.6300700902938843], [0.0, 0.0, 0.0, 1.0]]}, {"file_path": "./train/r_94", "transform_matrix": [[0.7187620997428894, -0.19743698835372925, 0.6666330695152283, 1.1373525857925415], [0.6952559947967529, 0.20411217212677002, -0.6891714334487915, -1.175805687904358], [0.0, 0.9588309526443481, 0.2839773893356323, 0.6300700902938843], [0.0, 0.0, 0.0, 1.0]]}, {"file_path": "./train/r_95", "transform_matrix": [[0.7548341751098633, -0.18645088374614716, 0.6288571357727051, 1.0718340873718262], [0.6559154987335205, 0.2145695686340332, -0.7236951589584351, -1.2334774732589722], [0.0, 0.958747148513794, 0.28426048159599304, 0.6300700902938843], [0.0, 0.0, 0.0, 1.0]]}, {"file_path": "./train/r_96", "transform_matrix": [[0.7877861857414246, -0.17482063174247742, 0.5906187891960144, 1.00821053981781], [0.6159486770629883, 0.223592147231102, -0.7553898096084595, -1.2894814014434814], [0.0, 0.9588766098022461, 0.2838233411312103, 0.6300700902938843], [0.0, 0.0, 0.0, 1.0]]}, {"file_path": "./train/r_97", "transform_matrix": [[0.8176840543746948, -0.16360287368297577, 0.5519300699234009, 0.9409283995628357], [0.5756670832633972, 0.2323833703994751, -0.7839677333831787, -1.33650541305542], [0.0, 0.9587659239768982, 0.28419703245162964, 0.6300700902938843], [0.0, 0.0, 0.0, 1.0]]}, {"file_path": "./train/r_98", "transform_matrix": [[0.8447018265724182, -0.15207867324352264, 0.5131771564483643, 0.8750588893890381], [0.5352370142936707, 0.2400079369544983, -0.8098873496055603, -1.3810027837753296], [0.0, 0.958784818649292, 0.28413328528404236, 0.6300700902938843], [0.0, 0.0, 0.0, 1.0]]}, {"file_path": "./train/r_99", "transform_matrix": [[0.868834912776947, -0.14053823053836823, 0.4747365713119507, 0.8102980852127075], [0.49510180950164795, 0.24662509560585022, -0.8330967426300049, -1.4219605922698975], [-1.4901160305669237e-08, 0.9588665962219238, 0.28385719656944275, 0.6300700902938843], [0.0, 0.0, 0.0, 1.0]]}]}