{"camera_angle_x": 1.4354166984558105, "frames": [{"file_path": "./train/r_0", "transform_matrix": [[1.0000001192092896, 0.0, 0.0, 0.0], [0.0, 0.4831608831882477, -0.8755316138267517, -1.8019942045211792], [0.0, 0.8755316138267517, 0.48316091299057007, 0.7200000286102295], [0.0, 0.0, 0.0, 1.0]]}, {"file_path": "./train/r_1", "transform_matrix": [[0.9947583675384521, 0.04946786165237427, -0.08949335664510727, -0.18396137654781342], [-0.10225524753332138, 0.4812327027320862, -0.8706082701683044, -1.7896109819412231], [0.0, 0.8751960396766663, 0.48376843333244324, 0.7200000286102295], [0.0, 0.0, 0.0, 1.0]]}, {"file_path": "./train/r_2", "transform_matrix": [[0.8903103470802307, -0.22033144533634186, 0.39849936962127686, 0.8189815878868103], [0.4553545117378235, 0.43079259991645813, -0.7791469693183899, -1.601274847984314], [-1.4901162970204496e-08, 0.8751410245895386, 0.48386794328689575, 0.7200000286102295], [0.0, 0.0, 0.0, 1.0]]}, {"file_path": "./train/r_3", "transform_matrix": [[0.9092473983764648, -0.20131848752498627, 0.3643356263637543, 0.749121904373169], [0.41625672578811646, 0.4397485852241516, -0.7958338856697083, -1.6363390684127808], [0.0, 0.8752667903900146, 0.48364031314849854, 0.7200000286102295], [0.0, 0.0, 0.0, 1.0]]}, {"file_path": "./train/r_4", "transform_matrix": [[0.9257440567016602, -0.18277673423290253, 0.3310451805591583, 0.6810908913612366], [0.37815114855766296, 0.44745197892189026, -0.8104249238967896, -1.6673647165298462], [0.0, 0.8754310011863708, 0.48334312438964844, 0.7200000286102295], [0.0, 0.0, 0.0, 1.0]]}, {"file_path": "./train/r_5", "transform_matrix": [[0.940035879611969, -0.16502515971660614, 0.2984956204891205, 0.6134970784187317], [0.34107619524002075, 0.454823762178421, -0.8226799964904785, -1.6908514499664307], [0.0, 0.8751582503318787, 0.48383674025535583, 0.7200000286102295], [0.0, 0.0, 0.0, 1.0]]}, {"file_path": "./train/r_6", "transform_matrix": [[0.9522775411605835, -0.14766079187393188, 0.267140656709671, 0.5491376519203186], [0.3052341341972351, 0.46067607402801514, -0.8334324955940247, -1.7132141590118408], [-7.450582373280668e-09, 0.8751993179321289, 0.4837624430656433, 0.7200000286102295], [0.0, 0.0, 0.0, 1.0]]}, {"file_path": "./train/r_7", "transform_matrix": [[0.9712241888046265, -0.11518679559230804, 0.2084607034921646, 0.42862528562545776], [0.23816774785518646, 0.46972018480300903, -0.8500818014144897, -1.747890830039978], [0.0, 0.8752685189247131, 0.4836373031139374, 0.7200000286102295], [0.0, 0.0, 0.0, 1.0]]}, {"file_path": "./train/r_8", "transform_matrix": [[0.9783236384391785, -0.10020892322063446, 0.18122196197509766, 0.3724101781845093], [0.20708270370960236, 0.47341838479042053, -0.8561493754386902, -1.7593824863433838], [0.0, 0.8751189112663269, 0.4839078187942505, 0.7200000286102295], [0.0, 0.0, 0.0, 1.0]]}, {"file_path": "./train/r_9", "transform_matrix": [[0.9840626120567322, -0.08603444695472717, 0.15562519431114197, 0.3198671042919159], [0.17782332003116608, 0.47610896825790405, -0.861219584941864, -1.7701234817504883], [0.0, 0.8751676678657532, 0.483819842338562, 0.7200000286102295], [0.0, 0.0, 0.0, 1.0]]}, {"file_path": "./train/r_10", "transform_matrix": [[0.9886034727096558, -0.07277965545654297, 0.13178272545337677, 0.2710728347301483], [0.15054425597190857, 0.47793394327163696, -0.8653990030288696, -1.7800980806350708], [0.0, 0.875375509262085, 0.48344361782073975, 0.7200000286102295], [0.0, 0.0, 0.0, 1.0]]}, {"file_path": "./train/r_11", "transform_matrix": [[0.9921115636825562, 0.060594309121370316, -0.10974208265542984, -0.225772887468338], [-0.12535947561264038, 0.47955140471458435, -0.8685134053230286, -1.7867965698242188], [0.0, 0.8754191994667053, 0.4833645224571228, 0.7200000286102295], [0.0, 0.0, 0.0, 1.0]]}, {"file_path": "./train/r_12", "transform_matrix": [[0.9921116232872009, -0.060594022274017334, 0.10974154621362686, 0.22577175498008728], [0.12535886466503143, 0.4795515239238739, -0.8685134649276733, -1.7867964506149292], [0.0, 0.8754191994667053, 0.4833645820617676, 0.7200000286102295], [0.0, 0.0, 0.0, 1.0]]}, {"file_path": "./train/r_13", "transform_matrix": [[0.9947584271430969, -0.04946761950850487, 0.08949290961027145, 0.183960422873497], [0.10225474089384079, 0.48123273253440857, -0.8706083297729492, -1.7896108627319336], [3.725291186640334e-09, 0.8751959800720215, 0.483768492937088, 0.7200000286102295], [0.0, 0.0, 0.0, 1.0]]}, {"file_path": "./train/r_14", "transform_matrix": [[0.9989291429519653, -0.0223909430205822, 0.040491677820682526, 0.08320856839418411], [0.04627019912004471, 0.4833989441394806, -0.8741764426231384, -1.7963930368423462], [0.0, 0.8751137852668762, 0.483917236328125, 0.7200000286102295], [0.0, 0.0, 0.0, 1.0]]}, {"file_path": "./train/r_15", "transform_matrix": [[0.9994781613349915, -0.01562853716313839, 0.028273602947592735, 0.058118343353271484], [0.03230554237961769, 0.48352015018463135, -0.8747368454933167, -1.7980819940567017], [0.0, 0.87519371509552, 0.4837726354598999, 0.7200000286102295], [0.0, 0.0, 0.0, 1.0]]}, {"file_path": "./train/r_16", "transform_matrix": [[0.9997841715812683, -0.010051518678665161, 0.018192743882536888, 0.03740987181663513], [0.020784828811883926, 0.48349443078041077, -0.8751006722450256, -1.799475908279419], [9.31322685637781e-10, 0.8752897381782532, 0.4835989475250244, 0.7200000286102295], [0.0, 0.0, 0.0, 1.0]]}, {"file_path": "./train/r_17", "transform_matrix": [[0.9999310970306396, -0.00568154314532876, 0.01028804574161768, 0.02116285264492035], [0.011752611957490444, 0.4833948612213135, -0.8753235340118408, -1.8005696535110474], [0.0, 0.8753839135169983, 0.4834282696247101, 0.7200000286102295], [0.0, 0.0, 0.0, 1.0]]}, {"file_path": "./train/r_18", "transform_matrix": [[0.9999864101409912, -0.0025383541360497475, 0.004598166793584824, 0.009461352601647377], [0.005252274684607983, 0.4832800626754761, -0.8754500150680542, -1.8013572692871094], [0.0, 0.8754621744155884, 0.48328670859336853, 0.7200000286102295], [0.0, 0.0, 0.0, 1.0]]}, {"file_path": "./train/r_19", "transform_matrix": [[0.9999993443489075, -0.0006375231314450502, 0.001155148376710713, 0.0023773335851728916], [0.001319395611062646, 0.48319298028945923, -0.8755127787590027, -1.801834225654602], [5.820768173014912e-11, 0.8755135536193848, 0.48319342732429504, 0.7200000286102295], [0.0, 0.0, 0.0, 1.0]]}, {"file_path": "./train/r_20", "transform_matrix": [[0.9886032938957214, 0.07278019934892654, -0.13178370893001556, -0.2710748612880707], [-0.1505453735589981, 0.4779338836669922, -0.8653989434242249, -1.7800979614257812], [-7.450581485102248e-09, 0.8753755688667297, 0.48344361782073975, 0.7200000286102295], [0.0, 0.0, 0.0, 1.0]]}, {"file_path": "./train/r_21", "transform_matrix": [[1.0000001192092896, 0.0, 0.0, 0.0], [0.0, 0.4831608831882477, -0.8755316138267517, -1.8019942045211792], [0.0, 0.8755316138267517, 0.48316091299057007, 0.7200000286102295], [0.0, 0.0, 0.0, 1.0]]}, {"file_path": "./train/r_22", "transform_matrix": [[0.9783234000205994, 0.1002092957496643, -0.18122266232967377, -0.37241166830062866], [-0.20708349347114563, 0.4734182357788086, -0.8561492562294006, -1.7593824863433838], [0.0, 0.8751190304756165, 0.4839077591896057, 0.7200000286102295], [0.0, 0.0, 0.0, 1.0]]}, {"file_path": "./train/r_23", "transform_matrix": [[0.9712240695953369, 0.11518692970275879, -0.2084609866142273, -0.4286259114742279], [-0.23816804587841034, 0.46972009539604187, -0.8500818014144897, -1.7478910684585571], [7.450580596923828e-09, 0.8752685785293579, 0.4836372435092926, 0.7200000286102295], [0.0, 0.0, 0.0, 1.0]]}, {"file_path": "./train/r_24", "transform_matrix": [[0.9626098871231079, 0.13089542090892792, -0.23716826736927032, -0.48809167742729187], [-0.27089187502861023, 0.46513476967811584, -0.8427736163139343, -1.7344259023666382], [7.450580596923828e-09, 0.8755090832710266, 0.4832017719745636, 0.7200000286102295], [0.0, 0.0, 0.0, 1.0]]}, {"file_path": "./train/r_25", "transform_matrix": [[0.9522771835327148, 0.14766134321689606, -0.2671416997909546, -0.5491398572921753], [-0.3052352964878082, 0.46067577600479126, -0.8334321975708008, -1.7132136821746826], [-7.450582373280668e-09, 0.8751993775367737, 0.48376238346099854, 0.7200000286102295], [0.0, 0.0, 0.0, 1.0]]}, {"file_path": "./train/r_26", "transform_matrix": [[0.9400354623794556, 0.16502565145492554, -0.2984965145587921, -0.6134989857673645], [-0.34107720851898193, 0.4548235833644867, -0.8226796388626099, -1.6908509731292725], [1.4901164746561335e-08, 0.8751582503318787, 0.48383668065071106, 0.7200000286102295], [0.0, 0.0, 0.0, 1.0]]}, {"file_path": "./train/r_27", "transform_matrix": [[0.925743579864502, 0.18277721107006073, -0.33104610443115234, -0.6810929179191589], [-0.37815219163894653, 0.44745171070098877, -0.8104245662689209, -1.667364239692688], [0.0, 0.8754310607910156, 0.48334306478500366, 0.7200000286102295], [0.0, 0.0, 0.0, 1.0]]}, {"file_path": "./train/r_28", "transform_matrix": [[0.9999993443489075, 0.0006377878016792238, -0.001155627891421318, -0.002378320088610053], [-0.0013199429959058762, 0.4831930696964264, -0.8755128383636475, -1.8018341064453125], [0.0, 0.8755135536193848, 0.4831934869289398, 0.7200000286102295], [0.0, 0.0, 0.0, 1.0]]}, {"file_path": "./train/r_29", "transform_matrix": [[0.9092469811439514, 0.2013188749551773, -0.3643363416194916, -0.7491233944892883], [-0.4162575304508209, 0.4397484064102173, -0.7958335876464844, -1.636338472366333], [1.4901162970204496e-08, 0.8752669095993042, 0.48364031314849854, 0.7200000286102295], [0.0, 0.0, 0.0, 1.0]]}, {"file_path": "./train/r_30", "transform_matrix": [[0.8903101086616516, 0.22033172845840454, -0.39849990606307983, -0.8189827799797058], [-0.4553552269935608, 0.4307923913002014, -0.779146671295166, -1.6012744903564453], [0.0, 0.8751410841941833, 0.483867883682251, 0.7200000286102295], [0.0, 0.0, 0.0, 1.0]]}, {"file_path": "./train/r_31", "transform_matrix": [[0.8688346147537231, 0.23931410908699036, -0.43342292308807373, -0.8916866779327393], [-0.49510282278060913, 0.4199620187282562, -0.7605952620506287, -1.5647826194763184], [0.0, 0.8754202723503113, 0.48336249589920044, 0.7200000286102295], [0.0, 0.0, 0.0, 1.0]]}, {"file_path": "./train/r_32", "transform_matrix": [[0.844700813293457, 0.2589242160320282, -0.46844321489334106, -0.9629538655281067], [-0.5352391004562378, 0.40862759947776794, -0.7392851710319519, -1.5197093486785889], [0.0, 0.8752038478851318, 0.48375430703163147, 0.7200000286102295], [0.0, 0.0, 0.0, 1.0]]}, {"file_path": "./train/r_33", "transform_matrix": [[0.8176840543746948, 0.2785336673259735, -0.5037976503372192, -1.0354366302490234], [-0.5756675601005554, 0.3956319987773895, -0.7155992388725281, -1.4707446098327637], [-1.4901162970204496e-08, 0.8751539587974548, 0.48384466767311096, 0.7200000286102295], [0.0, 0.0, 0.0, 1.0]]}, {"file_path": "./train/r_34", "transform_matrix": [[0.7877856492996216, 0.2976974546909332, -0.5392311811447144, -1.1094777584075928], [-0.6159498691558838, 0.3807481527328491, -0.6896641850471497, -1.4189963340759277], [1.4901164746561335e-08, 0.8754468560218811, 0.4833144247531891, 0.7200000286102295], [0.0, 0.0, 0.0, 1.0]]}, {"file_path": "./train/r_35", "transform_matrix": [[0.7548339366912842, 0.31742063164711, -0.5739948749542236, -1.1794909238815308], [-0.6559162139892578, 0.36529025435447693, -0.6605580449104309, -1.357367992401123], [-1.4901164746561335e-08, 0.8751040697097778, 0.4839347004890442, 0.7200000286102295], [0.0, 0.0, 0.0, 1.0]]}, {"file_path": "./train/r_36", "transform_matrix": [[0.7187614440917969, 0.3361797034740448, -0.6085764765739441, -1.2515907287597656], [-0.6952569484710693, 0.3475448787212372, -0.6291505098342896, -1.293903112411499], [0.0, 0.8753260970115662, 0.4835330545902252, 0.7200000286102295], [0.0, 0.0, 0.0, 1.0]]}, {"file_path": "./train/r_37", "transform_matrix": [[0.6796119809150696, 0.3549184799194336, -0.6419973373413086, -1.3195343017578125], [-0.7335720062255859, 0.328811377286911, -0.5947733521461487, -1.2224721908569336], [-1.4901162970204496e-08, 0.8751663565635681, 0.4838223159313202, 0.7200000286102295], [0.0, 0.0, 0.0, 1.0]]}, {"file_path": "./train/r_38", "transform_matrix": [[0.6372117400169373, 0.37283244729042053, -0.6745051741600037, -1.3865132331848145], [-0.7706889510154724, 0.30826085805892944, -0.5576862692832947, -1.1463801860809326], [1.4901162970204496e-08, 0.8751978278160095, 0.48376521468162537, 0.7200000286102295], [0.0, 0.0, 0.0, 1.0]]}, {"file_path": "./train/r_39", "transform_matrix": [[0.9999864101409912, 0.0025379059370607138, -0.004597355145961046, -0.009459682740271091], [-0.005251347552984953, 0.4832800030708313, -0.8754501342773438, -1.8013575077056885], [-4.656613428188905e-10, 0.8754621744155884, 0.48328670859336853, 0.7200000286102295], [0.0, 0.0, 0.0, 1.0]]}, {"file_path": "./train/r_40", "transform_matrix": [[0.5917561650276184, 0.3898625075817108, -0.7055721282958984, -1.4507794380187988], [-0.8061172366142273, 0.28619107604026794, -0.517947793006897, -1.0649909973144531], [2.980232594040899e-08, 0.8752724528312683, 0.4836301803588867, 0.7200000286102295], [0.0, 0.0, 0.0, 1.0]]}, {"file_path": "./train/r_41", "transform_matrix": [[0.5430884957313538, 0.4062682092189789, -0.7348477244377136, -1.5103212594985962], [-0.8396756649017334, 0.26276764273643494, -0.4752874970436096, -0.9768511056900024], [1.4901162970204496e-08, 0.8751567602157593, 0.48383957147598267, 0.7200000286102295], [0.0, 0.0, 0.0, 1.0]]}, {"file_path": "./train/r_42", "transform_matrix": [[0.49147385358810425, 0.42102503776550293, -0.7623591423034668, -1.5681568384170532], [-0.8708924651145935, 0.23759855329990387, -0.43022483587265015, -0.8849635124206543], [0.0, 0.8753769397735596, 0.48344096541404724, 0.7200000286102295], [0.0, 0.0, 0.0, 1.0]]}, {"file_path": "./train/r_43", "transform_matrix": [[0.4368375241756439, 0.4352398216724396, -0.7872352004051208, -1.6179683208465576], [-0.8995406031608582, 0.21136243641376495, -0.3822994530200958, -0.7857224941253662], [1.4901162970204496e-08, 0.8751527667045593, 0.4838467836380005, 0.7200000286102295], [0.0, 0.0, 0.0, 1.0]]}, {"file_path": "./train/r_44", "transform_matrix": [[0.3794843852519989, 0.447161465883255, -0.8099619150161743, -1.6665117740631104], [-0.9251983165740967, 0.1834101676940918, -0.33221837878227234, -0.6835455298423767], [-1.4901162970204496e-08, 0.8754469752311707, 0.4833142161369324, 0.7200000286102295], [0.0, 0.0, 0.0, 1.0]]}, {"file_path": "./train/r_45", "transform_matrix": [[0.3194376528263092, 0.4585048258304596, -0.8292967081069946, -1.7043852806091309], [-0.9476075172424316, 0.1545615792274475, -0.27955520153045654, -0.5745468139648438], [0.0, 0.8751479983329773, 0.48385533690452576, 0.7200000286102295], [0.0, 0.0, 0.0, 1.0]]}, {"file_path": "./train/r_46", "transform_matrix": [[0.2570450007915497, 0.46704772114753723, -0.8460463285446167, -1.740856409072876], [-0.9663996696472168, 0.12422632426023483, -0.22503316402435303, -0.4630366265773773], [0.0, 0.8754622936248779, 0.48328638076782227, 0.7200000286102295], [0.0, 0.0, 0.0, 1.0]]}, {"file_path": "./train/r_47", "transform_matrix": [[0.19241559505462646, 0.47486236691474915, -0.8587676286697388, -1.764773964881897], [-0.9813137054443359, 0.0931108146905899, -0.1683867871761322, -0.3460361063480377], [7.450582373280668e-09, 0.8751206398010254, 0.48390480875968933, 0.7200000286102295], [0.0, 0.0, 0.0, 1.0]]}, {"file_path": "./train/r_48", "transform_matrix": [[0.12596023082733154, 0.4795015752315521, -0.8684539198875427, -1.7867228984832764], [-0.992035448551178, 0.060883037745952606, -0.11026889085769653, -0.22686287760734558], [7.450582373280668e-09, 0.8754264116287231, 0.48335134983062744, 0.7200000286102295], [0.0, 0.0, 0.0, 1.0]]}, {"file_path": "./train/r_49", "transform_matrix": [[0.057849980890750885, 0.4831717014312744, -0.8736122846603394, -1.7949925661087036], [-0.9983254671096802, 0.02799835614860058, -0.05062321946024895, -0.10401444882154465], [1.862645593320167e-09, 0.8750777840614319, 0.48398226499557495, 0.7200000286102295], [0.0, 0.0, 0.0, 1.0]]}, {"file_path": "./train/r_50", "transform_matrix": [[0.9999310970306396, 0.005681770388036966, -0.010288456454873085, -0.0211636982858181], [-0.01175308134406805, 0.4833948612213135, -0.875323474407196, -1.8005695343017578], [0.0, 0.8753839135169983, 0.4834282696247101, 0.7200000286102295], [0.0, 0.0, 0.0, 1.0]]}, {"file_path": "./train/r_51", "transform_matrix": [[-0.011419020593166351, 0.48338988423347473, -0.8753306865692139, -1.800610065460205], [-0.9999349117279053, -0.005520198028534651, 0.009996069595217705, 0.020562542602419853], [4.656613428188905e-10, 0.8753878474235535, 0.48342135548591614, 0.7200000286102295], [0.0, 0.0, 0.0, 1.0]]}, {"file_path": "./train/r_52", "transform_matrix": [[-0.08163424581289291, 0.4823440909385681, -0.8721697330474854, -1.7921134233474731], [-0.9966625571250916, -0.039507653564214706, 0.07143734395503998, 0.14678773283958435], [3.725291186640334e-09, 0.8750904202461243, 0.4839593470096588, 0.7200000286102295], [0.0, 0.0, 0.0, 1.0]]}, {"file_path": "./train/r_53", "transform_matrix": [[-0.22291722893714905, 0.47164326906204224, -0.8531474471092224, -1.7535414695739746], [-0.9748375415802002, -0.10785120725631714, 0.19509020447731018, 0.40098434686660767], [0.0, 0.875169038772583, 0.48381733894348145, 0.7200000286102295], [0.0, 0.0, 0.0, 1.0]]}, {"file_path": "./train/r_54", "transform_matrix": [[-0.29309654235839844, 0.46237900853157043, -0.8368393182754517, -1.7207304239273071], [-0.9560829997062683, -0.14174678921699524, 0.25654125213623047, 0.5275066494941711], [7.450582373280668e-09, 0.8752790093421936, 0.4836181700229645, 0.7200000286102295], [0.0, 0.0, 0.0, 1.0]]}, {"file_path": "./train/r_55", "transform_matrix": [[-0.362545371055603, 0.45072048902511597, -0.8157278299331665, -1.6773029565811157], [-0.9319663643836975, -0.1753353327512741, 0.3173272907733917, 0.6524896621704102], [0.0, 0.8752763271331787, 0.483623206615448, 0.7200000286102295], [0.0, 0.0, 0.0, 1.0]]}, {"file_path": "./train/r_56", "transform_matrix": [[-0.43054038286209106, 0.43666744232177734, -0.7899092435836792, -1.6236084699630737], [-0.9025715589523315, -0.2082970291376114, 0.37679874897003174, 0.7744859457015991], [0.0, 0.8751764297485352, 0.48380377888679504, 0.7200000286102295], [0.0, 0.0, 0.0, 1.0]]}, {"file_path": "./train/r_57", "transform_matrix": [[-0.5607942342758179, 0.40065866708755493, -0.7245568037033081, -1.4889432191848755], [-0.8279554843902588, -0.2713758051395416, 0.49075987935066223, 1.0084973573684692], [1.4901164746561335e-08, 0.8751158118247986, 0.4839134216308594, 0.7200000286102295], [0.0, 0.0, 0.0, 1.0]]}, {"file_path": "./train/r_58", "transform_matrix": [[-0.6220037937164307, 0.3785638213157654, -0.6854201555252075, -1.409811019897461], [-0.7830144166946411, -0.30072006583213806, 0.5444777607917786, 1.1199127435684204], [-1.4901162970204496e-08, 0.8753610849380493, 0.48346978425979614, 0.7200000286102295], [0.0, 0.0, 0.0, 1.0]]}, {"file_path": "./train/r_59", "transform_matrix": [[0.9997841715812683, 0.010051542893052101, -0.01819278858602047, -0.03740996494889259], [-0.020784879103302956, 0.48349443078041077, -0.8751006722450256, -1.799475908279419], [0.0, 0.8752897381782532, 0.4835989475250244, 0.7200000286102295], [0.0, 0.0, 0.0, 1.0]]}, {"file_path": "./train/r_60", "transform_matrix": [[-0.6800680160522461, 0.35470959544181824, -0.6416297554969788, -1.3187949657440186], [-0.7331492304801941, -0.32902801036834717, 0.5951747298240662, 1.2233121395111084], [1.4901162970204496e-08, 0.875169575214386, 0.48381638526916504, 0.7200000286102295], [0.0, 0.0, 0.0, 1.0]]}, {"file_path": "./train/r_61", "transform_matrix": [[-0.7847025394439697, 0.29965734481811523, -0.5426303148269653, -1.1162333488464355], [-0.6198728084564209, -0.3793388903141022, 0.6869205236434937, 1.4130496978759766], [0.0, 0.8753898739814758, 0.4834175705909729, 0.7200000286102295], [0.0, 0.0, 0.0, 1.0]]}, {"file_path": "./train/r_62", "transform_matrix": [[-0.8304805755615234, 0.2695619463920593, -0.48748186230659485, -1.0017646551132202], [-0.5570478439331055, -0.4018792510032654, 0.726767361164093, 1.4934911727905273], [-1.4901162970204496e-08, 0.8751168251037598, 0.4839116930961609, 0.7200000286102295], [0.0, 0.0, 0.0, 1.0]]}, {"file_path": "./train/r_63", "transform_matrix": [[-0.8713945150375366, 0.23717696964740753, -0.42944037914276123, -0.8833166360855103], [-0.4905833601951599, -0.4212835431098938, 0.762789785861969, 1.568983554840088], [1.4901162970204496e-08, 0.8753669261932373, 0.4834592044353485, 0.7200000286102295], [0.0, 0.0, 0.0, 1.0]]}, {"file_path": "./train/r_64", "transform_matrix": [[-0.9373888969421387, 0.16849565505981445, -0.3048138916492462, -0.6265474557876587], [-0.34828484058380127, -0.45349642634391785, 0.8203892707824707, 1.6863168478012085], [1.4901164746561335e-08, 0.8751857876777649, 0.483786940574646, 0.7200000286102295], [0.0, 0.0, 0.0, 1.0]]}, {"file_path": "./train/r_65", "transform_matrix": [[-0.9619172215461731, 0.13209424912929535, -0.23930448293685913, -0.4924314022064209], [-0.27334144711494446, -0.46485352516174316, 0.8421375751495361, 1.7329177856445312], [0.0, 0.8754783868789673, 0.48325732350349426, 0.7200000286102295], [0.0, 0.0, 0.0, 1.0]]}, {"file_path": "./train/r_66", "transform_matrix": [[-0.9804840087890625, 0.09513743966817856, -0.17204754054546356, -0.3535521328449249], [-0.19659985601902008, -0.4744700491428375, 0.8580365777015686, 1.7632373571395874], [-7.450581485102248e-09, 0.8751154541969299, 0.48391422629356384, 0.7200000286102295], [0.0, 0.0, 0.0, 1.0]]}, {"file_path": "./train/r_67", "transform_matrix": [[-0.9929492473602295, 0.057315643876791, -0.10376481711864471, -0.21341390907764435], [-0.11854209005832672, -0.4800955057144165, 0.8691697716712952, 1.7876282930374146], [3.725291186640334e-09, 0.8753417134284973, 0.4835047721862793, 0.7200000286102295], [0.0, 0.0, 0.0, 1.0]]}, {"file_path": "./train/r_68", "transform_matrix": [[0.9994781613349915, 0.015628470107913017, -0.028273483738303185, -0.058118097484111786], [-0.03230540454387665, 0.48352015018463135, -0.8747368454933167, -1.7980819940567017], [9.31322685637781e-10, 0.87519371509552, 0.4837726354598999, 0.7200000286102295], [0.0, 0.0, 0.0, 1.0]]}, {"file_path": "./train/r_69", "transform_matrix": [[-0.9992173314094543, -0.019141606986522675, 0.03462124243378639, 0.07115397602319717], [0.03956048563122749, -0.48347800970077515, 0.8744620680809021, 1.7972044944763184], [0.0, 0.8751471638679504, 0.48385676741600037, 0.7200000286102295], [0.0, 0.0, 0.0, 1.0]]}, {"file_path": "./train/r_70", "transform_matrix": [[-0.9804835319519043, -0.09513843059539795, 0.17204934358596802, 0.35355591773986816], [0.19660192728042603, -0.47446978092193604, 0.8580361604690552, 1.7632369995117188], [0.0, 0.8751155734062195, 0.4839141070842743, 0.7200000286102295], [0.0, 0.0, 0.0, 1.0]]}, {"file_path": "./train/r_71", "transform_matrix": [[-0.9619166851043701, -0.13209523260593414, 0.2393062263727188, 0.4924350082874298], [0.27334344387054443, -0.46485328674316406, 0.8421370387077332, 1.7329167127609253], [0.0, 0.8754783868789673, 0.48325732350349426, 0.7200000286102295], [0.0, 0.0, 0.0, 1.0]]}, {"file_path": "./train/r_72", "transform_matrix": [[-0.9373883008956909, -0.16849640011787415, 0.30481523275375366, 0.6265502572059631], [0.34828636050224304, -0.45349618792533875, 0.8203887343406677, 1.6863160133361816], [0.0, 0.8751857876777649, 0.4837868809700012, 0.7200000286102295], [0.0, 0.0, 0.0, 1.0]]}, {"file_path": "./train/r_73", "transform_matrix": [[-0.9071605205535889, -0.2035345882177353, 0.36828500032424927, 0.757145881652832], [0.4207853078842163, -0.43879517912864685, 0.7939764857292175, 1.6323119401931763], [0.0, 0.8752327561378479, 0.4837019443511963, 0.7200000286102295], [0.0, 0.0, 0.0, 1.0]]}, {"file_path": "./train/r_74", "transform_matrix": [[-0.8304796814918518, -0.26956257224082947, 0.48748302459716797, 1.0017670392990112], [0.5570491552352905, -0.40187880396842957, 0.7267666459083557, 1.4934897422790527], [1.4901162970204496e-08, 0.8751168251037598, 0.4839116930961609, 0.7200000286102295], [0.0, 0.0, 0.0, 1.0]]}, {"file_path": "./train/r_75", "transform_matrix": [[0.9989291429519653, 0.02239070273935795, -0.0404912568628788, -0.08320770412683487], [-0.04626970738172531, 0.4833988845348358, -0.874176561832428, -1.7963932752609253], [0.0, 0.8751136660575867, 0.483917236328125, 0.7200000286102295], [0.0, 0.0, 0.0, 1.0]]}, {"file_path": "./train/r_76", "transform_matrix": [[-0.7343903183937073, -0.32839104533195496, 0.5939951539039612, 1.2208447456359863], [0.6787276268005371, -0.3553225100040436, 0.642708957195282, 1.3209668397903442], [-1.4901166522918174e-08, 0.8751600384712219, 0.483833372592926, 0.7200000286102295], [0.0, 0.0, 0.0, 1.0]]}, {"file_path": "./train/r_77", "transform_matrix": [[-0.6800667643547058, -0.3547101616859436, 0.6416307687759399, 1.318796992301941], [0.7331503629684448, -0.3290274143218994, 0.5951735973358154, 1.2233097553253174], [-1.4901162970204496e-08, 0.875169575214386, 0.4838164150714874, 0.7200000286102295], [0.0, 0.0, 0.0, 1.0]]}, {"file_path": "./train/r_78", "transform_matrix": [[-0.6220024228096008, -0.37856432795524597, 0.6854211688041687, 1.4098130464553833], [0.7830155491828918, -0.30071938037872314, 0.5444766283035278, 1.1199103593826294], [0.0, 0.8753610849380493, 0.48346978425979614, 0.7200000286102295], [0.0, 0.0, 0.0, 1.0]]}, {"file_path": "./train/r_79", "transform_matrix": [[-0.5607928037643433, -0.40065914392471313, 0.7245575785636902, 1.4889448881149292], [0.8279563784599304, -0.2713751494884491, 0.4907585680484772, 1.0084946155548096], [1.4901166522918174e-08, 0.8751158118247986, 0.4839134216308594, 0.7200000286102295], [0.0, 0.0, 0.0, 1.0]]}, {"file_path": "./train/r_80", "transform_matrix": [[-0.49683141708374023, -0.4194503724575043, 0.7597499489784241, 1.5631717443466187], [0.867847204208374, -0.2401299625635147, 0.43494713306427, 0.8948958516120911], [0.0, 0.8754421472549438, 0.4833228588104248, 0.7200000286102295], [0.0, 0.0, 0.0, 1.0]]}, {"file_path": "./train/r_81", "transform_matrix": [[-0.4305385947227478, -0.436667799949646, 0.7899099588394165, 1.6236099004745483], [0.9025723338127136, -0.20829613506793976, 0.3767971694469452, 0.7744827270507812], [0.0, 0.8751764297485352, 0.48380377888679504, 0.7200000286102295], [0.0, 0.0, 0.0, 1.0]]}, {"file_path": "./train/r_82", "transform_matrix": [[-0.2930954098701477, -0.46237918734550476, 0.8368396162986755, 1.7207310199737549], [0.956083357334137, -0.14174623787403107, 0.2565402388572693, 0.527504563331604], [0.0, 0.8752790093421936, 0.4836181700229645, 0.7200000286102295], [0.0, 0.0, 0.0, 1.0]]}, {"file_path": "./train/r_83", "transform_matrix": [[-0.22291573882102966, -0.4716434180736542, 0.8531477451324463, 1.7535418272018433], [0.9748379588127136, -0.10785047709941864, 0.19508889317512512, 0.4009815752506256], [0.0, 0.8751689791679382, 0.4838173985481262, 0.7200000286102295], [0.0, 0.0, 0.0, 1.0]]}, {"file_path": "./train/r_84", "transform_matrix": [[-0.15220218896865845, -0.47784170508384705, 0.8651599287986755, 1.7794926166534424], [0.9883495569229126, -0.0735858678817749, 0.13323144614696503, 0.2740353047847748], [0.0, 0.8753584623336792, 0.4834744930267334, 0.7200000286102295], [0.0, 0.0, 0.0, 1.0]]}, {"file_path": "./train/r_85", "transform_matrix": [[-0.011418179608881474, -0.48338988423347473, 0.8753307461738586, 1.8006101846694946], [0.9999349117279053, -0.005519791506230831, 0.009995334781706333, 0.020561030134558678], [-4.656612873077393e-10, 0.8753878474235535, 0.48342135548591614, 0.7200000286102295], [0.0, 0.0, 0.0, 1.0]]}, {"file_path": "./train/r_86", "transform_matrix": [[0.05785064026713371, -0.4831717014312744, 0.8736122846603394, 1.7949925661087036], [0.9983254671096802, 0.027998678386211395, -0.05062380060553551, -0.10401564836502075], [-1.862645593320167e-09, 0.8750777840614319, 0.48398226499557495, 0.7200000286102295], [0.0, 0.0, 0.0, 1.0]]}, {"file_path": "./train/r_87", "transform_matrix": [[0.1259617656469345, -0.4795014560222626, 0.8684538006782532, 1.7867228984832764], [0.9920353293418884, 0.0608837716281414, -0.11027024686336517, -0.22686569392681122], [0.0, 0.8754264712333679, 0.48335129022598267, 0.7200000286102295], [0.0, 0.0, 0.0, 1.0]]}, {"file_path": "./train/r_88", "transform_matrix": [[0.19241639971733093, -0.47486230731010437, 0.858767569065094, 1.764773964881897], [0.9813135862350464, 0.09311120212078094, -0.1683875173330307, -0.3460376262664795], [0.0, 0.8751206398010254, 0.48390477895736694, 0.7200000286102295], [0.0, 0.0, 0.0, 1.0]]}, {"file_path": "./train/r_89", "transform_matrix": [[0.2570458650588989, -0.4670475125312805, 0.8460460901260376, 1.7408562898635864], [0.9663993716239929, 0.12422673404216766, -0.2250339388847351, -0.46303829550743103], [0.0, 0.8754622936248779, 0.4832862913608551, 0.7200000286102295], [0.0, 0.0, 0.0, 1.0]]}, {"file_path": "./train/r_90", "transform_matrix": [[0.31943878531455994, -0.4585046172142029, 0.8292962908744812, 1.704384684562683], [0.9476071000099182, 0.15456213057041168, -0.27955615520477295, -0.5745488405227661], [-1.4901164746561335e-08, 0.8751479983329773, 0.483855277299881, 0.7200000286102295], [0.0, 0.0, 0.0, 1.0]]}, {"file_path": "./train/r_91", "transform_matrix": [[0.4368383288383484, -0.4352395832538605, 0.7872349619865417, 1.6179678440093994], [0.8995402455329895, 0.2113627791404724, -0.38230016827583313, -0.7857239246368408], [0.0, 0.8751527667045593, 0.4838467836380005, 0.7200000286102295], [0.0, 0.0, 0.0, 1.0]]}, {"file_path": "./train/r_92", "transform_matrix": [[0.996688723564148, 0.039352402091026306, -0.07115628570318222, -0.146209716796875], [-0.08131315559148788, 0.482358455657959, -0.8721917271614075, -1.7921522855758667], [-3.725290742551124e-09, 0.8750895857810974, 0.4839610457420349, 0.7200000286102295], [0.0, 0.0, 0.0, 1.0]]}, {"file_path": "./train/r_93", "transform_matrix": [[0.637211799621582, -0.37283244729042053, 0.6745052337646484, 1.386513352394104], [0.7706888914108276, 0.30826085805892944, -0.5576863288879395, -1.1463803052902222], [0.0, 0.8751978874206543, 0.48376521468162537, 0.7200000286102295], [0.0, 0.0, 0.0, 1.0]]}, {"file_path": "./train/r_94", "transform_matrix": [[0.6796122193336487, -0.35491836071014404, 0.6419971585273743, 1.3195339441299438], [0.7335717678070068, 0.32881152629852295, -0.5947735905647278, -1.2224726676940918], [0.0, 0.8751663565635681, 0.4838223159313202, 0.7200000286102295], [0.0, 0.0, 0.0, 1.0]]}, {"file_path": "./train/r_95", "transform_matrix": [[0.718762218952179, -0.33617934584617615, 0.608575701713562, 1.251589059829712], [0.6952561140060425, 0.347545325756073, -0.6291512250900269, -1.293904423713684], [1.4901162970204496e-08, 0.8753260970115662, 0.48353311419487, 0.7200000286102295], [0.0, 0.0, 0.0, 1.0]]}, {"file_path": "./train/r_96", "transform_matrix": [[0.7548344731330872, -0.3174203038215637, 0.5739943385124207, 1.1794898509979248], [0.6559156179428101, 0.3652905225753784, -0.6605585217475891, -1.3573689460754395], [0.0, 0.8751040697097778, 0.4839347004890442, 0.7200000286102295], [0.0, 0.0, 0.0, 1.0]]}, {"file_path": "./train/r_97", "transform_matrix": [[0.8176842927932739, -0.2785334885120392, 0.5037973523139954, 1.0354359149932861], [0.5756672024726868, 0.39563214778900146, -0.7155994772911072, -1.4707449674606323], [0.0, 0.8751538395881653, 0.48384472727775574, 0.7200000286102295], [0.0, 0.0, 0.0, 1.0]]}, {"file_path": "./train/r_98", "transform_matrix": [[0.8447020649909973, -0.2589232623577118, 0.46844157576560974, 0.9629504680633545], [0.535237193107605, 0.4086281955242157, -0.7392863631248474, -1.5197117328643799], [0.0, 0.8752039074897766, 0.48375430703163147, 0.7200000286102295], [0.0, 0.0, 0.0, 1.0]]}, {"file_path": "./train/r_99", "transform_matrix": [[0.8688351511955261, -0.23931369185447693, 0.43342217803001404, 0.8916850686073303], [0.4951019585132599, 0.4199622869491577, -0.7605956792831421, -1.5647833347320557], [0.0, 0.8754202723503113, 0.4833625555038452, 0.7200000286102295], [0.0, 0.0, 0.0, 1.0]]}]}