{"camera_angle_x": 1.4070525169372559, "frames": [{"file_path": "./train/r_0", "transform_matrix": [[1.0000001192092896, 0.0, 0.0, 0.0], [0.0, 0.31800922751426697, -0.9480876326560974, -1.8019942045211792], [0.0, 0.9480876326560974, 0.31800922751426697, 0.33000004291534424], [0.0, 0.0, 0.0, 1.0]]}, {"file_path": "./train/r_1", "transform_matrix": [[0.9947583675384521, 0.03256607428193092, -0.09693081676959991, -0.18396137654781342], [-0.10225525498390198, 0.31680890917778015, -0.9429612755775452, -1.7896109819412231], [-1.862645371275562e-09, 0.9479302167892456, 0.3184782862663269, 0.33000004291534424], [0.0, 0.0, 0.0, 1.0]]}, {"file_path": "./train/r_2", "transform_matrix": [[0.8903103470802307, -0.14505551755428314, 0.43163248896598816, 0.8189815878868103], [0.4553545415401459, 0.2836129069328308, -0.8439289331436157, -1.601274847984314], [0.0, 0.9479043483734131, 0.31855514645576477, 0.33000004291534424], [0.0, 0.0, 0.0, 1.0]]}, {"file_path": "./train/r_3", "transform_matrix": [[0.9092473983764648, -0.13252748548984528, 0.39459604024887085, 0.749121904373169], [0.41625672578811646, 0.28948548436164856, -0.8619330525398254, -1.6363390684127808], [-7.450582373280668e-09, 0.9479633569717407, 0.31837931275367737, 0.33000004291534424], [0.0, 0.0, 0.0, 1.0]]}, {"file_path": "./train/r_4", "transform_matrix": [[0.9257441163063049, -0.12030869722366333, 0.35850250720977783, 0.6810908913612366], [0.37815117835998535, 0.29452526569366455, -0.8776426911354065, -1.6673647165298462], [0.0, 0.9480404257774353, 0.3181498646736145, 0.33000004291534424], [0.0, 0.0, 0.0, 1.0]]}, {"file_path": "./train/r_5", "transform_matrix": [[0.9400358200073242, -0.10864333808422089, 0.32331034541130066, 0.6134970784187317], [0.34107622504234314, 0.2994304895401001, -0.8910714983940125, -1.6908514499664307], [7.450581485102248e-09, 0.9479124546051025, 0.31853100657463074, 0.33000004291534424], [0.0, 0.0, 0.0, 1.0]]}, {"file_path": "./train/r_6", "transform_matrix": [[0.9522775411605835, -0.09720900654792786, 0.2893410921096802, 0.5491376519203186], [0.3052341341972351, 0.3032752275466919, -0.9026939868927002, -1.7132141590118408], [0.0, 0.947931706905365, 0.3184736371040344, 0.33000004291534424], [0.0, 0.0, 0.0, 1.0]]}, {"file_path": "./train/r_7", "transform_matrix": [[0.9626103639602661, -0.08615417033433914, 0.25682491064071655, 0.488088995218277], [0.27089038491249084, 0.30614930391311646, -0.9126286506652832, -1.734426736831665], [0.0, 0.9480770826339722, 0.31804075837135315, 0.33000004291534424], [0.0, 0.0, 0.0, 1.0]]}, {"file_path": "./train/r_8", "transform_matrix": [[0.9712241888046265, -0.07582711428403854, 0.22577446699142456, 0.42862528562545776], [0.23816774785518646, 0.30921536684036255, -0.9206855893135071, -1.747890830039978], [0.0, 0.9479641914367676, 0.31837698817253113, 0.33000004291534424], [0.0, 0.0, 0.0, 1.0]]}, {"file_path": "./train/r_9", "transform_matrix": [[0.9783235788345337, -0.06597362458705902, 0.19629241526126862, 0.3724101781845093], [0.20708268880844116, 0.3116800785064697, -0.92734694480896, -1.7593824863433838], [3.725290742551124e-09, 0.9478939771652222, 0.31858593225479126, 0.33000004291534424], [0.0, 0.0, 0.0, 1.0]]}, {"file_path": "./train/r_10", "transform_matrix": [[0.9840626120567322, -0.05663991719484329, 0.16856169700622559, 0.3198671042919159], [0.17782333493232727, 0.31344157457351685, -0.9328092932701111, -1.7701234817504883], [0.0, 0.9479168057441711, 0.3185179531574249, 0.33000004291534424], [0.0, 0.0, 0.0, 1.0]]}, {"file_path": "./train/r_11", "transform_matrix": [[0.9921115040779114, 0.03988516330718994, -0.1188451424241066, -0.225772887468338], [-0.12535947561264038, 0.31565651297569275, -0.9405562281608582, -1.7867965698242188], [3.725290742551124e-09, 0.9480348825454712, 0.3181663751602173, 0.33000004291534424], [0.0, 0.0, 0.0, 1.0]]}, {"file_path": "./train/r_12", "transform_matrix": [[0.9966887831687927, -0.02590835653245449, 0.07707448303699493, 0.1462084800004959], [0.08131247758865356, 0.3175719976425171, -0.944741427898407, -1.7921521663665771], [0.0, 0.9478800892829895, 0.31862708926200867, 0.33000004291534424], [0.0, 0.0, 0.0, 1.0]]}, {"file_path": "./train/r_13", "transform_matrix": [[0.9994781613349915, -0.010288717225193977, 0.030623357743024826, 0.058118343353271484], [0.03230554237961769, 0.3183152973651886, -0.9474342465400696, -1.7980819940567017], [0.0, 0.9479290843009949, 0.3184815049171448, 0.33000004291534424], [0.0, 0.0, 0.0, 1.0]]}, {"file_path": "./train/r_14", "transform_matrix": [[0.9997841119766235, -0.006616794038563967, 0.019703473895788193, 0.03740987181663513], [0.020784825086593628, 0.31827858090400696, -0.947769284248352, -1.799475908279419], [4.656613983300417e-10, 0.9479740858078003, 0.31834733486175537, 0.33000004291534424], [0.0, 0.0, 0.0, 1.0]]}, {"file_path": "./train/r_15", "transform_matrix": [[0.9999311566352844, -0.003739863634109497, 0.011141689494252205, 0.02116285264492035], [0.011752612888813019, 0.31819361448287964, -0.9479528665542603, -1.8005696535110474], [0.0, 0.9480183720588684, 0.31821557879447937, 0.33000004291534424], [0.0, 0.0, 0.0, 1.0]]}, {"file_path": "./train/r_16", "transform_matrix": [[0.9999864101409912, -0.001670781639404595, 0.00497944513335824, 0.009461352601647377], [0.005252274684607983, 0.3181019723415375, -0.9480420351028442, -1.8013572692871094], [-1.1641533570472262e-10, 0.9480550289154053, 0.31810635328292847, 0.33000004291534424], [0.0, 0.0, 0.0, 1.0]]}, {"file_path": "./train/r_17", "transform_matrix": [[0.9999993443489075, -0.000419613003032282, 0.001250891131348908, 0.0023773335851728916], [0.001319395494647324, 0.3180340826511383, -0.9480783343315125, -1.801834225654602], [-2.910383739562761e-11, 0.9480792284011841, 0.3180343210697174, 0.33000004291534424], [0.0, 0.0, 0.0, 1.0]]}, {"file_path": "./train/r_18", "transform_matrix": [[0.9886032342910767, 0.04790765419602394, -0.14271914958953857, -0.2710748612880707], [-0.15054534375667572, 0.3146006464958191, -0.937209963798523, -1.7800979614257812], [7.450581485102248e-09, 0.9480143785476685, 0.3182274401187897, 0.33000004291534424], [0.0, 0.0, 0.0, 1.0]]}, {"file_path": "./train/r_19", "transform_matrix": [[1.0000001192092896, 0.0, 0.0, 0.0], [0.0, 0.31800922751426697, -0.9480876326560974, -1.8019942045211792], [0.0, 0.9480876326560974, 0.31800922751426697, 0.33000004291534424], [0.0, 0.0, 0.0, 1.0]]}, {"file_path": "./train/r_20", "transform_matrix": [[0.9840624928474426, 0.0566401369869709, -0.1685623675584793, -0.31986838579177856], [-0.1778240203857422, 0.31344151496887207, -0.9328092336654663, -1.7701233625411987], [0.0, 0.9479168653488159, 0.3185179531574249, 0.33000004291534424], [0.0, 0.0, 0.0, 1.0]]}, {"file_path": "./train/r_21", "transform_matrix": [[0.9783234596252441, 0.06597386300563812, -0.1962931603193283, -0.37241166830062866], [-0.20708349347114563, 0.31167998909950256, -0.9273467659950256, -1.7593824863433838], [3.725290742551124e-09, 0.9478940367698669, 0.3185858726501465, 0.33000004291534424], [0.0, 0.0, 0.0, 1.0]]}, {"file_path": "./train/r_22", "transform_matrix": [[0.9712241291999817, 0.07582719624042511, -0.22577475011348724, -0.4286259114742279], [-0.23816804587841034, 0.3092152774333954, -0.9206855297088623, -1.7478910684585571], [0.0, 0.9479641318321228, 0.31837689876556396, 0.33000004291534424], [0.0, 0.0, 0.0, 1.0]]}, {"file_path": "./train/r_23", "transform_matrix": [[0.9626100063323975, 0.08615464717149734, -0.25682634115219116, -0.48809167742729187], [-0.2708919048309326, 0.3061491549015045, -0.9126282334327698, -1.7344259023666382], [7.450582373280668e-09, 0.9480769634246826, 0.31804075837135315, 0.33000004291534424], [0.0, 0.0, 0.0, 1.0]]}, {"file_path": "./train/r_24", "transform_matrix": [[0.9522771835327148, 0.0972093716263771, -0.2893421947956085, -0.5491398572921753], [-0.3052353262901306, 0.30327504873275757, -0.902693510055542, -1.7132136821746826], [0.0, 0.9479317665100098, 0.31847357749938965, 0.33000004291534424], [0.0, 0.0, 0.0, 1.0]]}, {"file_path": "./train/r_25", "transform_matrix": [[0.9400354027748108, 0.10864365100860596, -0.32331129908561707, -0.6134989857673645], [-0.34107720851898193, 0.29943037033081055, -0.8910711407661438, -1.6908509731292725], [0.0, 0.9479124546051025, 0.31853094696998596, 0.33000004291534424], [0.0, 0.0, 0.0, 1.0]]}, {"file_path": "./train/r_26", "transform_matrix": [[0.9257436990737915, 0.120309017598629, -0.3585034906864166, -0.6810929179191589], [-0.37815219163894653, 0.2945251166820526, -0.8776422739028931, -1.667364239692688], [0.0, 0.9480404257774353, 0.3181498050689697, 0.33000004291534424], [0.0, 0.0, 0.0, 1.0]]}, {"file_path": "./train/r_27", "transform_matrix": [[0.9999992847442627, 0.000419787218561396, -0.0012514102272689342, -0.002378320088610053], [-0.0013199429959058762, 0.3180341124534607, -0.9480782747268677, -1.8018341064453125], [-2.910383739562761e-11, 0.9480792284011841, 0.3180343210697174, 0.33000004291534424], [0.0, 0.0, 0.0, 1.0]]}, {"file_path": "./train/r_28", "transform_matrix": [[0.9092469811439514, 0.13252772390842438, -0.3945968449115753, -0.7491233944892883], [-0.4162575304508209, 0.28948530554771423, -0.8619327545166016, -1.636338472366333], [0.0, 0.9479634165763855, 0.31837931275367737, 0.33000004291534424], [0.0, 0.0, 0.0, 1.0]]}, {"file_path": "./train/r_29", "transform_matrix": [[0.8903100490570068, 0.14505569636821747, -0.4316330850124359, -0.8189827799797058], [-0.4553551971912384, 0.28361275792121887, -0.8439286351203918, -1.6012744903564453], [0.0, 0.9479044079780579, 0.31855508685112, 0.33000004291534424], [0.0, 0.0, 0.0, 1.0]]}, {"file_path": "./train/r_30", "transform_matrix": [[0.8447007536888123, 0.1704561859369278, -0.507371187210083, -0.9629538655281067], [-0.5352391004562378, 0.26900961995124817, -0.8007203340530396, -1.5197093486785889], [0.0, 0.9479339122772217, 0.318467378616333, 0.33000004291534424], [0.0, 0.0, 0.0, 1.0]]}, {"file_path": "./train/r_31", "transform_matrix": [[0.8176840543746948, 0.18337146937847137, -0.5456811785697937, -1.0354366302490234], [-0.5756676197052002, 0.2604626715183258, -0.7750909924507141, -1.4707446098327637], [0.0, 0.9479103684425354, 0.3185371160507202, 0.33000004291534424], [0.0, 0.0, 0.0, 1.0]]}, {"file_path": "./train/r_32", "transform_matrix": [[0.7877856492996216, 0.1959507167339325, -0.583949863910675, -1.1094777584075928], [-0.6159498691558838, 0.2506164014339447, -0.7468582987785339, -1.4189963340759277], [0.0, 0.9480478167533875, 0.31812775135040283, 0.33000004291534424], [0.0, 0.0, 0.0, 1.0]]}, {"file_path": "./train/r_33", "transform_matrix": [[0.7548339366912842, 0.2089792639017105, -0.6217343807220459, -1.1794909238815308], [-0.6559163331985474, 0.24049507081508636, -0.7154970765113831, -1.357367992401123], [0.0, 0.9478869438171387, 0.3186066746711731, 0.33000004291534424], [0.0, 0.0, 0.0, 1.0]]}, {"file_path": "./train/r_34", "transform_matrix": [[0.7187614440917969, 0.22129781544208527, -0.6590973734855652, -1.2515907287597656], [-0.6952568888664246, 0.22877922654151917, -0.6813794374465942, -1.293903112411499], [0.0, 0.9479911923408508, 0.31829649209976196, 0.33000004291534424], [0.0, 0.0, 0.0, 1.0]]}, {"file_path": "./train/r_35", "transform_matrix": [[0.6796119809150696, 0.23365721106529236, -0.6953646540641785, -1.3195343017578125], [-0.7335719466209412, 0.2164698839187622, -0.6442151069641113, -1.2224721908569336], [0.0, 0.9479161500930786, 0.31851986050605774, 0.33000004291534424], [0.0, 0.0, 0.0, 1.0]]}, {"file_path": "./train/r_36", "transform_matrix": [[0.6372117400169373, 0.24544572830200195, -0.7305598258972168, -1.3865132331848145], [-0.770689070224762, 0.20293650031089783, -0.6040326952934265, -1.1463801860809326], [1.4901164746561335e-08, 0.9479309916496277, 0.31847575306892395, 0.33000004291534424], [0.0, 0.0, 0.0, 1.0]]}, {"file_path": "./train/r_37", "transform_matrix": [[0.9999864101409912, 0.0016704866429790854, -0.004978565964847803, -0.009459682740271091], [-0.005251347087323666, 0.3181019425392151, -0.9480420351028442, -1.8013575077056885], [-1.1641533570472262e-10, 0.9480550289154053, 0.3181063234806061, 0.33000004291534424], [0.0, 0.0, 0.0, 1.0]]}, {"file_path": "./train/r_38", "transform_matrix": [[0.5917561054229736, 0.25664469599723816, -0.7641716599464417, -1.4507794380187988], [-0.8061173558235168, 0.18839822709560394, -0.5609645843505859, -1.0649909973144531], [0.0, 0.9479659795761108, 0.3183714747428894, 0.33000004291534424], [0.0, 0.0, 0.0, 1.0]]}, {"file_path": "./train/r_39", "transform_matrix": [[0.543088436126709, 0.2674645185470581, -0.79593825340271, -1.5103212594985962], [-0.8396756649017334, 0.17299167811870575, -0.5147998332977295, -0.9768511056900024], [0.0, 0.9479117393493652, 0.31853315234184265, 0.33000004291534424], [0.0, 0.0, 0.0, 1.0]]}, {"file_path": "./train/r_40", "transform_matrix": [[0.3794844150543213, 0.29433101415634155, -0.87713223695755, -1.6665117740631104], [-0.9251983165740967, 0.12072442471981049, -0.359769344329834, -0.6835455298423767], [1.4901162970204496e-08, 0.948047935962677, 0.3181275725364685, 0.33000004291534424], [0.0, 0.0, 0.0, 1.0]]}, {"file_path": "./train/r_41", "transform_matrix": [[0.3194376230239868, 0.3018558919429779, -0.8982442021369934, -1.7043852806091309], [-0.9476074576377869, 0.10175536572933197, -0.3027973473072052, -0.5745468139648438], [7.450581485102248e-09, 0.9479076266288757, 0.3185453414916992, 0.33000004291534424], [0.0, 0.0, 0.0, 1.0]]}, {"file_path": "./train/r_42", "transform_matrix": [[0.2570450007915497, 0.30741754174232483, -0.9161999821662903, -1.740856409072876], [-0.966399610042572, 0.08176755160093307, -0.2436927855014801, -0.4630366265773773], [-7.450581485102248e-09, 0.9480551481246948, 0.3181060552597046, 0.33000004291534424], [0.0, 0.0, 0.0, 1.0]]}, {"file_path": "./train/r_43", "transform_matrix": [[0.19241556525230408, 0.31263044476509094, -0.9301819801330566, -1.764773964881897], [-0.9813137054443359, 0.06130044162273407, -0.18238967657089233, -0.3460361063480377], [0.0, 0.9478947520256042, 0.3185836374759674, 0.33000004291534424], [0.0, 0.0, 0.0, 1.0]]}, {"file_path": "./train/r_44", "transform_matrix": [[0.12596023082733154, 0.3156221807003021, -0.9404874444007874, -1.7867228984832764], [-0.9920355081558228, 0.04007502272725105, -0.11941509693861008, -0.22686287760734558], [0.0, 0.9480383396148682, 0.3181562125682831, 0.33000004291534424], [0.0, 0.0, 0.0, 1.0]]}, {"file_path": "./train/r_45", "transform_matrix": [[0.9999310970306396, 0.003740013111382723, -0.011142135597765446, -0.0211636982858181], [-0.01175308134406805, 0.31819361448287964, -0.947952926158905, -1.8005695343017578], [0.0, 0.9480183720588684, 0.31821560859680176, 0.33000004291534424], [0.0, 0.0, 0.0, 1.0]]}, {"file_path": "./train/r_46", "transform_matrix": [[-0.011419021524488926, 0.31818950176239014, -0.9479584097862244, -1.800610065460205], [-0.9999349117279053, -0.0036336493212729692, 0.010825461708009243, 0.020562542602419853], [-2.3283067140944524e-10, 0.9480201005935669, 0.31821027398109436, 0.33000004291534424], [0.0, 0.0, 0.0, 1.0]]}, {"file_path": "./train/r_47", "transform_matrix": [[-0.22291719913482666, 0.3105013370513916, -0.924065351486206, -1.7535414695739746], [-0.9748374819755554, -0.07100269943475723, 0.211307093501091, 0.40098434686660767], [0.0, 0.9479174613952637, 0.3185160160064697, 0.33000004291534424], [0.0, 0.0, 0.0, 1.0]]}, {"file_path": "./train/r_48", "transform_matrix": [[-0.36254534125328064, 0.2967064678668976, -0.8834739923477173, -1.6773029565811157], [-0.9319663047790527, -0.11542214453220367, 0.34368130564689636, 0.6524896621704102], [7.450581485102248e-09, 0.9479678273200989, 0.318366140127182, 0.33000004291534424], [0.0, 0.0, 0.0, 1.0]]}, {"file_path": "./train/r_49", "transform_matrix": [[-0.4305403530597687, 0.28747397661209106, -0.8555663824081421, -1.6236084699630737], [-0.9025714993476868, -0.13712945580482483, 0.40811818838119507, 0.7744859457015991], [7.450581485102248e-09, 0.9479209780693054, 0.31850555539131165, 0.33000004291534424], [0.0, 0.0, 0.0, 1.0]]}, {"file_path": "./train/r_50", "transform_matrix": [[-0.5607942938804626, 0.2637784481048584, -0.7848126292228699, -1.4889432191848755], [-0.827955424785614, -0.17866355180740356, 0.5315726399421692, 1.0084973573684692], [0.0, 0.9478925466537476, 0.3185902237892151, 0.33000004291534424], [0.0, 0.0, 0.0, 1.0]]}, {"file_path": "./train/r_51", "transform_matrix": [[-0.6220037937164307, 0.2491924911737442, -0.7423034906387329, -1.409811019897461], [-0.7830144166946411, -0.19795122742652893, 0.5896642208099365, 1.1199127435684204], [1.4901162970204496e-08, 0.9480076432228088, 0.31824764609336853, 0.33000004291534424], [0.0, 0.0, 0.0, 1.0]]}, {"file_path": "./train/r_52", "transform_matrix": [[0.9997841119766235, 0.00661681080237031, -0.019703524187207222, -0.03740996494889259], [-0.020784877240657806, 0.31827858090400696, -0.947769284248352, -1.799475908279419], [-4.656613983300417e-10, 0.9479740858078003, 0.31834733486175537, 0.33000004291534424], [0.0, 0.0, 0.0, 1.0]]}, {"file_path": "./train/r_53", "transform_matrix": [[-0.6800680756568909, 0.23351921141147614, -0.6949650049209595, -1.3187949657440186], [-0.7331491708755493, -0.2166120558977127, 0.6446484923362732, 1.2233121395111084], [0.0, 0.9479177594184875, 0.3185153007507324, 0.33000004291534424], [0.0, 0.0, 0.0, 1.0]]}, {"file_path": "./train/r_54", "transform_matrix": [[-0.7343916296958923, 0.2161935418844223, -0.643373429775238, -1.2208421230316162], [-0.6787261366844177, -0.23392459750175476, 0.6961395144462585, 1.3209692239761353], [0.0, 0.9479133486747742, 0.3185284435749054, 0.33000004291534424], [0.0, 0.0, 0.0, 1.0]]}, {"file_path": "./train/r_55", "transform_matrix": [[-0.784702479839325, 0.19724804162979126, -0.5876524448394775, -1.1162333488464355], [-0.6198727488517761, -0.24969805777072906, 0.7439144849777222, 1.4130496978759766], [0.0, 0.9480211138725281, 0.318207323551178, 0.33000004291534424], [0.0, 0.0, 0.0, 1.0]]}, {"file_path": "./train/r_56", "transform_matrix": [[-0.8304805755615234, 0.17746926844120026, -0.5280216932296753, -1.0017646551132202], [-0.5570478439331055, -0.2645818889141083, 0.7872065901756287, 1.4934911727905273], [0.0, 0.9478930234909058, 0.31858891248703003, 0.33000004291534424], [0.0, 0.0, 0.0, 1.0]]}, {"file_path": "./train/r_57", "transform_matrix": [[-0.8713943958282471, 0.15612296760082245, -0.46507805585861206, -0.8833166360855103], [-0.4905833303928375, -0.2773120701313019, 0.8260908722877502, 1.568983554840088], [0.0, 0.9480103850364685, 0.3182394802570343, 0.33000004291534424], [0.0, 0.0, 0.0, 1.0]]}, {"file_path": "./train/r_58", "transform_matrix": [[-0.907161295413971, 0.13398872315883636, -0.3988804817199707, -0.7571424841880798], [-0.4207834005355835, -0.28886449337005615, 0.8599411249160767, 1.6323134899139404], [7.450581485102248e-09, 0.9479473829269409, 0.3184269070625305, 0.33000004291534424], [0.0, 0.0, 0.0, 1.0]]}, {"file_path": "./train/r_59", "transform_matrix": [[-0.9373888969421387, 0.11092612147331238, -0.33014801144599915, -0.6265474557876587], [-0.3482848107814789, -0.2985513508319855, 0.8885746002197266, 1.6863168478012085], [0.0, 0.947925329208374, 0.318492591381073, 0.33000004291534424], [0.0, 0.0, 0.0, 1.0]]}, {"file_path": "./train/r_60", "transform_matrix": [[-0.9619172811508179, 0.08694542199373245, -0.25914475321769714, -0.4924314022064209], [-0.27334141731262207, -0.30597007274627686, 0.9119576215744019, 1.7329177856445312], [0.0, 0.9480626583099365, 0.31808361411094666, 0.33000004291534424], [0.0, 0.0, 0.0, 1.0]]}, {"file_path": "./train/r_61", "transform_matrix": [[-0.9804839491844177, 0.0626349076628685, -0.18635545670986176, -0.3535521328449249], [-0.1965998411178589, -0.31237319111824036, 0.9293931126594543, 1.7632373571395874], [3.725290742551124e-09, 0.9478923082351685, 0.31859084963798523, 0.33000004291534424], [0.0, 0.0, 0.0, 1.0]]}, {"file_path": "./train/r_62", "transform_matrix": [[0.9994781613349915, 0.010288674384355545, -0.03062322922050953, -0.058118097484111786], [-0.032305408269166946, 0.3183152973651886, -0.9474342465400696, -1.7980819940567017], [0.0, 0.9479290843009949, 0.3184815049171448, 0.33000004291534424], [0.0, 0.0, 0.0, 1.0]]}, {"file_path": "./train/r_63", "transform_matrix": [[-0.9992174506187439, 0.012601092457771301, -0.03749740496277809, -0.07114969193935394], [-0.03955810144543648, -0.3182971477508545, 0.9471652507781982, 1.7972047328948975], [0.0, 0.9479072093963623, 0.31854647397994995, 0.33000004291534424], [0.0, 0.0, 0.0, 1.0]]}, {"file_path": "./train/r_64", "transform_matrix": [[-0.9992173910140991, -0.012601855210959911, 0.037499669939279556, 0.07115397602319717], [0.03956048935651779, -0.3182971775531769, 0.9471652507781982, 1.7972044944763184], [-9.31322685637781e-10, 0.9479072690010071, 0.3185465335845947, 0.33000004291534424], [0.0, 0.0, 0.0, 1.0]]}, {"file_path": "./train/r_65", "transform_matrix": [[-0.9929489493370056, -0.03772944584488869, 0.11237926036119461, 0.2134169191122055], [0.11854372173547745, -0.3160303831100464, 0.9413140416145325, 1.7876282930374146], [3.725290742551124e-09, 0.947998583316803, 0.3182745575904846, 0.33000004291534424], [0.0, 0.0, 0.0, 1.0]]}, {"file_path": "./train/r_66", "transform_matrix": [[-0.9804835319519043, -0.06263554096221924, 0.18635740876197815, 0.35355591773986816], [0.19660191237926483, -0.31237298250198364, 0.9293926954269409, 1.7632369995117188], [3.725291186640334e-09, 0.9478923082351685, 0.31859076023101807, 0.33000004291534424], [0.0, 0.0, 0.0, 1.0]]}, {"file_path": "./train/r_67", "transform_matrix": [[-0.9619166254997253, -0.08694607764482498, 0.25914669036865234, 0.4924350082874298], [0.2733434736728668, -0.3059699237346649, 0.9119571447372437, 1.7329167127609253], [-7.450581485102248e-09, 0.9480626583099365, 0.31808364391326904, 0.33000004291534424], [0.0, 0.0, 0.0, 1.0]]}, {"file_path": "./train/r_68", "transform_matrix": [[-0.9373884201049805, -0.11092659831047058, 0.33014941215515137, 0.6265502572059631], [0.34828639030456543, -0.29855114221572876, 0.888573944568634, 1.6863160133361816], [0.0, 0.947925329208374, 0.3184925317764282, 0.33000004291534424], [0.0, 0.0, 0.0, 1.0]]}, {"file_path": "./train/r_69", "transform_matrix": [[-0.9071604609489441, -0.13398930430412292, 0.39888226985931396, 0.757145881652832], [0.4207852780818939, -0.2888641655445099, 0.8599403500556946, 1.6323119401931763], [-1.4901162970204496e-08, 0.9479473829269409, 0.3184269070625305, 0.33000004291534424], [0.0, 0.0, 0.0, 1.0]]}, {"file_path": "./train/r_70", "transform_matrix": [[-0.8304797410964966, -0.1774696409702301, 0.5280228853225708, 1.0017670392990112], [0.5570490956306458, -0.264581561088562, 0.7872057557106018, 1.4934897422790527], [0.0, 0.9478930234909058, 0.31858888268470764, 0.33000004291534424], [0.0, 0.0, 0.0, 1.0]]}, {"file_path": "./train/r_71", "transform_matrix": [[-0.7847016453742981, -0.1972484141588211, 0.5876535177230835, 1.116235375404358], [0.6198739409446716, -0.2496977597475052, 0.7439135313034058, 1.4130479097366333], [1.4901164746561335e-08, 0.9480211138725281, 0.318207323551178, 0.33000004291534424], [0.0, 0.0, 0.0, 1.0]]}, {"file_path": "./train/r_72", "transform_matrix": [[0.9989290833473206, 0.014741212129592896, -0.043858662247657776, -0.08320770412683487], [-0.04626970738172531, 0.31825196743011475, -0.9468763470649719, -1.7963932752609253], [9.313225746154785e-10, 0.9478915929794312, 0.31859317421913147, 0.33000004291534424], [0.0, 0.0, 0.0, 1.0]]}, {"file_path": "./train/r_73", "transform_matrix": [[-0.7343903183937073, -0.2161940038204193, 0.6433748006820679, 1.2208447456359863], [0.6787275671958923, -0.23392418026924133, 0.6961382627487183, 1.3209668397903442], [0.0, 0.9479133486747742, 0.3185284435749054, 0.33000004291534424], [0.0, 0.0, 0.0, 1.0]]}, {"file_path": "./train/r_74", "transform_matrix": [[-0.6800667643547058, -0.23351958394050598, 0.6949660778045654, 1.318796992301941], [0.7331503629684448, -0.21661166846752167, 0.6446472406387329, 1.2233097553253174], [0.0, 0.9479177594184875, 0.3185153007507324, 0.33000004291534424], [0.0, 0.0, 0.0, 1.0]]}, {"file_path": "./train/r_75", "transform_matrix": [[-0.6220024824142456, -0.24919281899929047, 0.7423045039176941, 1.4098130464553833], [0.7830154895782471, -0.1979508250951767, 0.5896629691123962, 1.1199103593826294], [0.0, 0.9480076432228088, 0.31824764609336853, 0.33000004291534424], [0.0, 0.0, 0.0, 1.0]]}, {"file_path": "./train/r_76", "transform_matrix": [[-0.5607927441596985, -0.26377880573272705, 0.7848135828971863, 1.4889448881149292], [0.8279564380645752, -0.17866307497024536, 0.5315712094306946, 1.0084946155548096], [0.0, 0.9478925466537476, 0.3185902535915375, 0.33000004291534424], [0.0, 0.0, 0.0, 1.0]]}, {"file_path": "./train/r_77", "transform_matrix": [[-0.4305385649204254, -0.28747427463531494, 0.8555671572685242, 1.6236099004745483], [0.9025723338127136, -0.13712890446186066, 0.40811648964881897, 0.7744827270507812], [0.0, 0.9479209780693054, 0.31850555539131165, 0.33000004291534424], [0.0, 0.0, 0.0, 1.0]]}, {"file_path": "./train/r_78", "transform_matrix": [[-0.3625428080558777, -0.2967068552970886, 0.8834748268127441, 1.6773043870925903], [0.9319673180580139, -0.1154213547706604, 0.34367886185646057, 0.6524849534034729], [-7.450582373280668e-09, 0.9479677677154541, 0.3183661699295044, 0.33000004291534424], [0.0, 0.0, 0.0, 1.0]]}, {"file_path": "./train/r_79", "transform_matrix": [[-0.2930954098701477, -0.30438077449798584, 0.9063373804092407, 1.7207310199737549], [0.956083357334137, -0.09331049770116806, 0.2778453528881073, 0.527504563331604], [1.4901162970204496e-08, 0.9479691982269287, 0.31836220622062683, 0.33000004291534424], [0.0, 0.0, 0.0, 1.0]]}, {"file_path": "./train/r_80", "transform_matrix": [[-0.15220218896865845, -0.3145434856414795, 0.9369614720344543, 1.7794926166534424], [0.9883495569229126, -0.04843853414058685, 0.14428861439228058, 0.2740353047847748], [-3.725291186640334e-09, 0.9480063915252686, 0.31825128197669983, 0.33000004291534424], [0.0, 0.0, 0.0, 1.0]]}, {"file_path": "./train/r_81", "transform_matrix": [[0.9980371594429016, 0.019956015050411224, -0.059361569583415985, -0.11259836703538895], [-0.0626261904835701, 0.31802743673324585, -0.9460108280181885, -1.794414758682251], [0.0, 0.9478715062141418, 0.3186528980731964, 0.33000004291534424], [0.0, 0.0, 0.0, 1.0]]}, {"file_path": "./train/r_82", "transform_matrix": [[-0.08163346350193024, -0.3175622820854187, 0.9447169303894043, 1.7921134233474731], [0.9966625571250916, -0.02601051889359951, 0.0773787647485733, 0.14678631722927094], [0.0, 0.9478806257247925, 0.31862571835517883, 0.33000004291534424], [0.0, 0.0, 0.0, 1.0]]}, {"file_path": "./train/r_83", "transform_matrix": [[0.057850636541843414, -0.31810978055000305, 0.946287214756012, 1.7949925661087036], [0.9983254075050354, 0.018433721736073494, -0.05483514443039894, -0.10401564836502075], [0.0, 0.9478746652603149, 0.31864339113235474, 0.33000004291534424], [0.0, 0.0, 0.0, 1.0]]}, {"file_path": "./train/r_84", "transform_matrix": [[0.1259617656469345, -0.31562209129333496, 0.9404873251914978, 1.7867228984832764], [0.9920352697372437, 0.04007550701498985, -0.11941656470298767, -0.22686569392681122], [0.0, 0.9480383396148682, 0.3181561827659607, 0.33000004291534424], [0.0, 0.0, 0.0, 1.0]]}, {"file_path": "./train/r_85", "transform_matrix": [[0.19241638481616974, -0.312630295753479, 0.9301819205284119, 1.764773964881897], [0.9813135862350464, 0.06130068376660347, -0.1823904663324356, -0.3460376262664795], [0.0, 0.9478947520256042, 0.318583607673645, 0.33000004291534424], [0.0, 0.0, 0.0, 1.0]]}, {"file_path": "./train/r_86", "transform_matrix": [[0.31943878531455994, -0.30185574293136597, 0.8982438445091248, 1.704384684562683], [0.9476070404052734, 0.10175571590662003, -0.30279842019081116, -0.5745488405227661], [0.0, 0.9479076266288757, 0.3185453414916992, 0.33000004291534424], [0.0, 0.0, 0.0, 1.0]]}, {"file_path": "./train/r_87", "transform_matrix": [[0.4368382692337036, -0.28653836250305176, 0.852682888507843, 1.6179678440093994], [0.8995403051376343, 0.13914988934993744, -0.41408321261405945, -0.7857239246368408], [0.0, 0.9479097723960876, 0.31853875517845154, 0.33000004291534424], [0.0, 0.0, 0.0, 1.0]]}, {"file_path": "./train/r_88", "transform_matrix": [[0.49147436022758484, -0.27713996171951294, 0.8256188631057739, 1.5681564807891846], [0.8708921670913696, 0.15639959275722504, -0.46592509746551514, -0.8849645853042603], [0.0, 0.9480150938034058, 0.3182253837585449, 0.33000004291534424], [0.0, 0.0, 0.0, 1.0]]}, {"file_path": "./train/r_89", "transform_matrix": [[0.996688723564148, 0.025908568874001503, -0.07707513123750687, -0.146209716796875], [-0.08131316304206848, 0.3175719380378723, -0.9447413682937622, -1.7921522855758667], [1.862645371275562e-09, 0.9478801488876343, 0.3186270296573639, 0.33000004291534424], [0.0, 0.0, 0.0, 1.0]]}, {"file_path": "./train/r_90", "transform_matrix": [[0.5430887937545776, -0.26746445894241333, 0.7959380745887756, 1.5103209018707275], [0.8396754860877991, 0.1729917824268341, -0.5148001909255981, -0.976851761341095], [0.0, 0.9479117393493652, 0.31853315234184265, 0.33000004291534424], [0.0, 0.0, 0.0, 1.0]]}, {"file_path": "./train/r_91", "transform_matrix": [[0.5917571783065796, -0.25664442777633667, 0.7641709446907043, 1.4507781267166138], [0.8061164021492004, 0.1883985847234726, -0.5609656572341919, -1.0649930238723755], [-1.4901161193847656e-08, 0.9479660987854004, 0.3183714747428894, 0.33000004291534424], [0.0, 0.0, 0.0, 1.0]]}, {"file_path": "./train/r_92", "transform_matrix": [[0.6372117400169373, -0.24544566869735718, 0.7305598258972168, 1.386513352394104], [0.770689070224762, 0.20293645560741425, -0.6040326952934265, -1.1463803052902222], [-1.4901164746561335e-08, 0.9479309916496277, 0.31847572326660156, 0.33000004291534424], [0.0, 0.0, 0.0, 1.0]]}, {"file_path": "./train/r_93", "transform_matrix": [[0.6796122193336487, -0.2336571216583252, 0.6953644156455994, 1.3195339441299438], [0.7335717082023621, 0.21646995842456818, -0.6442153453826904, -1.2224726676940918], [0.0, 0.9479161500930786, 0.31851986050605774, 0.33000004291534424], [0.0, 0.0, 0.0, 1.0]]}, {"file_path": "./train/r_94", "transform_matrix": [[0.718762218952179, -0.22129760682582855, 0.6590965986251831, 1.251589059829712], [0.6952561736106873, 0.22877949476242065, -0.6813801527023315, -1.293904423713684], [1.4901164746561335e-08, 0.9479911923408508, 0.31829652190208435, 0.33000004291534424], [0.0, 0.0, 0.0, 1.0]]}, {"file_path": "./train/r_95", "transform_matrix": [[0.7548344731330872, -0.208979070186615, 0.6217337846755981, 1.1794898509979248], [0.6559156179428101, 0.2404952496290207, -0.715497612953186, -1.3573689460754395], [1.4901164746561335e-08, 0.9478869438171387, 0.3186066746711731, 0.33000004291534424], [0.0, 0.0, 0.0, 1.0]]}, {"file_path": "./train/r_96", "transform_matrix": [[0.7877863645553589, -0.19595037400722504, 0.5839488506317139, 1.1094759702682495], [0.6159487366676331, 0.2506166398525238, -0.7468590140342712, -1.418997883796692], [0.0, 0.9480478763580322, 0.31812772154808044, 0.33000004291534424], [0.0, 0.0, 0.0, 1.0]]}, {"file_path": "./train/r_97", "transform_matrix": [[0.8176842927932739, -0.18337135016918182, 0.545680820941925, 1.0354359149932861], [0.5756672024726868, 0.26046276092529297, -0.775091290473938, -1.4707449674606323], [0.0, 0.9479103088378906, 0.3185371458530426, 0.33000004291534424], [0.0, 0.0, 0.0, 1.0]]}, {"file_path": "./train/r_98", "transform_matrix": [[0.8447020053863525, -0.17045554518699646, 0.507369339466095, 0.9629504680633545], [0.5352371335029602, 0.2690100073814392, -0.8007215261459351, -1.5197117328643799], [0.0, 0.9479339122772217, 0.3184673488140106, 0.33000004291534424], [0.0, 0.0, 0.0, 1.0]]}, {"file_path": "./train/r_99", "transform_matrix": [[0.8688350319862366, -0.15752403438091278, 0.4693741202354431, 0.8916850686073303], [0.4951019585132599, 0.2764327824115753, -0.8236863017082214, -1.5647833347320557], [-1.4901162970204496e-08, 0.9480353593826294, 0.3181648850440979, 0.33000004291534424], [0.0, 0.0, 0.0, 1.0]]}]}