{"camera_angle_x": 1.2743874788284302, "frames": [{"file_path": "./train/r_0", "transform_matrix": [[1.0, 0.0, 0.0, 0.0], [0.0, 0.3035978674888611, -0.9528001546859741, -1.3027825355529785], [0.0, 0.9528002142906189, 0.3035978674888611, 0.12068742513656616], [0.0, 0.0, 0.0, 1.0]]}, {"file_path": "./train/r_1", "transform_matrix": [[0.9947581887245178, 0.031090719625353813, -0.0974140390753746, -0.1329980194568634], [-0.10225522518157959, 0.30245640873908997, -0.9476622343063354, -1.2938299179077148], [0.0, 0.9526560306549072, 0.30405014753341675, 0.12068742513656616], [0.0, 0.0, 0.0, 1.0]]}, {"file_path": "./train/r_2", "transform_matrix": [[0.8903102874755859, -0.13848435878753662, 0.4337853789329529, 0.592096745967865], [0.4553545117378235, 0.27076494693756104, -0.8481382727622986, -1.1576690673828125], [1.4901161193847656e-08, 0.9526323676109314, 0.30412426590919495, 0.12068742513656616], [0.0, 0.0, 0.0, 1.0]]}, {"file_path": "./train/r_3", "transform_matrix": [[0.9092472195625305, -0.1265231817960739, 0.39656201004981995, 0.5415905117988586], [0.4162566661834717, 0.27636998891830444, -0.866227388381958, -1.1830192804336548], [7.450580596923828e-09, 0.9526864886283875, 0.30395475029945374, 0.12068742513656616], [0.0, 0.0, 0.0, 1.0]]}, {"file_path": "./train/r_4", "transform_matrix": [[0.9257439374923706, -0.11485714465379715, 0.36028605699539185, 0.49240630865097046], [0.3781510889530182, 0.2811794579029083, -0.8820089101791382, -1.2054498195648193], [-7.450581485102248e-09, 0.952756941318512, 0.3037334978580475, 0.12068742513656616], [0.0, 0.0, 0.0, 1.0]]}, {"file_path": "./train/r_5", "transform_matrix": [[0.9400357604026794, -0.10372159630060196, 0.32492268085479736, 0.44353818893432617], [0.34107616543769836, 0.28586581349372864, -0.8955152630805969, -1.2224299907684326], [-7.450581485102248e-09, 0.9526397585868835, 0.30410099029541016, 0.12068742513656616], [0.0, 0.0, 0.0, 1.0]]}, {"file_path": "./train/r_6", "transform_matrix": [[0.952277421951294, -0.09280509501695633, 0.29078349471092224, 0.3970084488391876], [0.30523407459259033, 0.289535790681839, -0.9071940183639526, -1.2385975122451782], [0.0, 0.9526573419570923, 0.3040456771850586, 0.12068742513656616], [0.0, 0.0, 0.0, 1.0]]}, {"file_path": "./train/r_7", "transform_matrix": [[0.9626102447509766, -0.08224997669458389, 0.2581017315387726, 0.3528722822666168], [0.27089035511016846, 0.29227572679519653, -0.9171657562255859, -1.2539334297180176], [-7.450581485102248e-09, 0.9527905583381653, 0.30362826585769653, 0.12068742513656616], [0.0, 0.0, 0.0, 1.0]]}, {"file_path": "./train/r_8", "transform_matrix": [[0.9712240099906921, -0.07239168137311935, 0.22689931094646454, 0.3098819851875305], [0.23816771805286407, 0.2952059805393219, -0.9252725839614868, -1.2636675834655762], [0.0, 0.95268714427948, 0.30395248532295227, 0.12068742513656616], [0.0, 0.0, 0.0, 1.0]]}, {"file_path": "./train/r_9", "transform_matrix": [[0.9783235192298889, -0.06298500299453735, 0.19727164506912231, 0.26924028992652893], [0.20708267390727997, 0.2975609302520752, -0.9319732189178467, -1.2719757556915283], [0.0, 0.9526228308677673, 0.3041539490222931, 0.12068742513656616], [0.0, 0.0, 0.0, 1.0]]}, {"file_path": "./train/r_10", "transform_matrix": [[0.9840624928474426, -0.05407401919364929, 0.16940225660800934, 0.23125340044498444], [0.17782332003116608, 0.2992420494556427, -0.9374608397483826, -1.2797410488128662], [0.0, 0.952643871307373, 0.30408841371536255, 0.12068742513656616], [0.0, 0.0, 0.0, 1.0]]}, {"file_path": "./train/r_11", "transform_matrix": [[0.9886032938957214, -0.04573659226298332, 0.1434284746646881, 0.19597674906253815], [0.15054422616958618, 0.30034592747688293, -0.9418750405311584, -1.2869523763656616], [0.0, 0.9527331590652466, 0.3038083016872406, 0.12068742513656616], [0.0, 0.0, 0.0, 1.0]]}, {"file_path": "./train/r_12", "transform_matrix": [[0.9921113848686218, 0.038077861070632935, -0.11943645030260086, -0.16322636604309082], [-0.125359445810318, 0.3013532757759094, -0.9452359676361084, -1.2917951345443726], [0.0, 0.9527519345283508, 0.3037494122982025, 0.12068742513656616], [0.0, 0.0, 0.0, 1.0]]}, {"file_path": "./train/r_13", "transform_matrix": [[0.9921115040779114, -0.038077689707279205, 0.1194358840584755, 0.16322556138038635], [0.12535886466503143, 0.3013533353805542, -0.9452360272407532, -1.291795015335083], [3.725290298461914e-09, 0.9527519345283508, 0.3037494421005249, 0.12068742513656616], [0.0, 0.0, 0.0, 1.0]]}, {"file_path": "./train/r_14", "transform_matrix": [[0.9947583079338074, -0.031090570613741875, 0.0974135473370552, 0.1329973340034485], [0.1022547110915184, 0.30245649814605713, -0.9476622939109802, -1.2938297986984253], [0.0, 0.9526560306549072, 0.3040502071380615, 0.12068742513656616], [0.0, 0.0, 0.0, 1.0]]}, {"file_path": "./train/r_15", "transform_matrix": [[0.996688723564148, -0.02473474107682705, 0.07745909690856934, 0.1057039275765419], [0.08131249248981476, 0.3031863570213318, -0.9494556784629822, -1.295667052268982], [0.0, 0.9526101350784302, 0.3041936457157135, 0.12068742513656616], [0.0, 0.0, 0.0, 1.0]]}, {"file_path": "./train/r_16", "transform_matrix": [[0.9980370998382568, -0.01905188336968422, 0.05965731665492058, 0.0814042016863823], [0.06262563169002533, 0.30362144112586975, -0.9507322907447815, -1.2973028421401978], [0.0, 0.952602207660675, 0.3042185604572296, 0.12068742513656616], [0.0, 0.0, 0.0, 1.0]]}, {"file_path": "./train/r_17", "transform_matrix": [[0.9989290237426758, -0.014073587022721767, 0.044077932834625244, 0.060157060623168945], [0.04627018794417381, 0.3038352131843567, -0.951600193977356, -1.298733115196228], [9.31322685637781e-10, 0.9526206254959106, 0.3041609525680542, 0.12068742513656616], [0.0, 0.0, 0.0, 1.0]]}, {"file_path": "./train/r_18", "transform_matrix": [[0.9997840523719788, -0.00631700549274683, 0.01980162411928177, 0.02704610675573349], [0.020784826949238777, 0.30385828018188477, -0.9524903893470764, -1.3009618520736694], [-4.656612873077393e-10, 0.9526963233947754, 0.30392390489578247, 0.12068742513656616], [0.0, 0.0, 0.0, 1.0]]}, {"file_path": "./train/r_19", "transform_matrix": [[0.9999309778213501, -0.0035704057663679123, 0.011197141371667385, 0.015300046652555466], [0.011752608232200146, 0.30377593636512756, -0.9526708722114563, -1.3017526865005493], [-4.656612873077393e-10, 0.9527369141578674, 0.30379682779312134, 0.12068742513656616], [0.0, 0.0, 0.0, 1.0]]}, {"file_path": "./train/r_20", "transform_matrix": [[0.9999862313270569, -0.001595071516931057, 0.0050042117945849895, 0.006840247195214033], [0.005252274684607983, 0.30368736386299133, -0.9527572393417358, -1.3023220300674438], [1.1641532182693481e-10, 0.9527703523635864, 0.303691565990448, 0.12068742513656616], [0.0, 0.0, 0.0, 1.0]]}, {"file_path": "./train/r_21", "transform_matrix": [[0.9999991655349731, -0.00040059769526124, 0.001257109921425581, 0.001718734041787684], [0.001319395494647324, 0.30362191796302795, -0.9527915716171265, -1.3026667833328247], [-2.9103830456733704e-11, 0.9527925848960876, 0.30362212657928467, 0.12068742513656616], [0.0, 0.0, 0.0, 1.0]]}, {"file_path": "./train/r_22", "transform_matrix": [[0.9886031746864319, 0.04573693126440048, -0.14342953264713287, -0.19597820937633514], [-0.15054535865783691, 0.30034586787223816, -0.9418748617172241, -1.286952257156372], [0.0, 0.9527331590652466, 0.3038083016872406, 0.12068742513656616], [0.0, 0.0, 0.0, 1.0]]}, {"file_path": "./train/r_23", "transform_matrix": [[1.0, 0.0, 0.0, 0.0], [0.0, 0.3035978674888611, -0.9528001546859741, -1.3027825355529785], [0.0, 0.9528002142906189, 0.3035978674888611, 0.12068742513656616], [0.0, 0.0, 0.0, 1.0]]}, {"file_path": "./train/r_24", "transform_matrix": [[0.9840623736381531, 0.05407422035932541, -0.16940292716026306, -0.23125432431697845], [-0.177824005484581, 0.29924193024635315, -0.9374607801437378, -1.2797409296035767], [-3.725290298461914e-09, 0.9526438117027283, 0.30408841371536255, 0.12068742513656616], [0.0, 0.0, 0.0, 1.0]]}, {"file_path": "./train/r_25", "transform_matrix": [[0.9712240099906921, 0.07239174842834473, -0.22689959406852722, -0.30988243222236633], [-0.23816804587841034, 0.29520589113235474, -0.9252724647521973, -1.2636677026748657], [7.450582373280668e-09, 0.9526870846748352, 0.3039524257183075, 0.12068742513656616], [0.0, 0.0, 0.0, 1.0]]}, {"file_path": "./train/r_26", "transform_matrix": [[0.9626098871231079, 0.08225041627883911, -0.2581031322479248, -0.352874219417572], [-0.27089184522628784, 0.2922755777835846, -0.9171653985977173, -1.2539329528808594], [0.0, 0.9527905583381653, 0.30362826585769653, 0.12068742513656616], [0.0, 0.0, 0.0, 1.0]]}, {"file_path": "./train/r_27", "transform_matrix": [[0.9522769451141357, 0.09280544519424438, -0.290784627199173, -0.39701002836227417], [-0.30523523688316345, 0.28953567147254944, -0.9071937203407288, -1.2385971546173096], [0.0, 0.9526574611663818, 0.3040456473827362, 0.12068742513656616], [0.0, 0.0, 0.0, 1.0]]}, {"file_path": "./train/r_28", "transform_matrix": [[0.940035343170166, 0.10372191667556763, -0.32492369413375854, -0.4435395896434784], [-0.3410772383213043, 0.2858656644821167, -0.8955149054527283, -1.222429633140564], [0.0, 0.9526397585868835, 0.30410096049308777, 0.12068742513656616], [0.0, 0.0, 0.0, 1.0]]}, {"file_path": "./train/r_29", "transform_matrix": [[0.925743579864502, 0.11485746502876282, -0.36028704047203064, -0.49240776896476746], [-0.37815216183662415, 0.2811793088912964, -0.88200843334198, -1.2054494619369507], [0.0, 0.9527570605278015, 0.3037334084510803, 0.12068742513656616], [0.0, 0.0, 0.0, 1.0]]}, {"file_path": "./train/r_30", "transform_matrix": [[0.9999991655349731, 0.0004007639072369784, -0.0012576315784826875, -0.0017194472020491958], [-0.0013199429959058762, 0.30362191796302795, -0.9527915716171265, -1.3026667833328247], [2.9103830456733704e-11, 0.9527925848960876, 0.30362212657928467, 0.12068742513656616], [0.0, 0.0, 0.0, 1.0]]}, {"file_path": "./train/r_31", "transform_matrix": [[0.8903099894523621, 0.13848452270030975, -0.43378588557243347, -0.5920975804328918], [-0.45535507798194885, 0.27076485753059387, -0.8481379151344299, -1.1576688289642334], [0.0, 0.9526323676109314, 0.30412420630455017, 0.12068742513656616], [0.0, 0.0, 0.0, 1.0]]}, {"file_path": "./train/r_32", "transform_matrix": [[0.8688344955444336, 0.15038643777370453, -0.4717102348804474, -0.6446601152420044], [-0.4951027035713196, 0.26390668749809265, -0.8277840614318848, -1.131286382675171], [-7.450580596923828e-09, 0.952752411365509, 0.3037479519844055, 0.12068742513656616], [0.0, 0.0, 0.0, 1.0]]}, {"file_path": "./train/r_33", "transform_matrix": [[0.8447006940841675, 0.16273391246795654, -0.5099003911018372, -0.696183979511261], [-0.5352391004562378, 0.25682249665260315, -0.8047117590904236, -1.0986998081207275], [0.0, 0.9526594281196594, 0.3040395975112915, 0.12068742513656616], [0.0, 0.0, 0.0, 1.0]]}, {"file_path": "./train/r_34", "transform_matrix": [[0.8176838755607605, 0.17506447434425354, -0.5484026074409485, -0.7485865950584412], [-0.5756675004959106, 0.24866335093975067, -0.7789565920829773, -1.0633000135421753], [0.0, 0.9526379704475403, 0.3041069209575653, 0.12068742513656616], [0.0, 0.0, 0.0, 1.0]]}, {"file_path": "./train/r_35", "transform_matrix": [[0.7548337578773499, 0.19951266050338745, -0.6248365044593811, -0.8527331352233887], [-0.6559162139892578, 0.22960083186626434, -0.7190670371055603, -0.9813324213027954], [1.4901161193847656e-08, 0.9526165127754211, 0.3041739761829376, 0.12068742513656616], [0.0, 0.0, 0.0, 1.0]]}, {"file_path": "./train/r_36", "transform_matrix": [[0.7187613248825073, 0.21127109229564667, -0.6623794436454773, -0.9048589468002319], [-0.6952568888664246, 0.21841351687908173, -0.6847724318504333, -0.9354494214057922], [0.0, 0.9527118802070618, 0.3038748800754547, 0.12068742513656616], [0.0, 0.0, 0.0, 1.0]]}, {"file_path": "./train/r_37", "transform_matrix": [[0.6372116804122925, 0.23432624340057373, -0.7342019081115723, -1.0024033784866333], [-0.7706888318061829, 0.1937428116798401, -0.607043981552124, -0.8287951350212097], [0.0, 0.9526567459106445, 0.30404776334762573, 0.12068742513656616], [0.0, 0.0, 0.0, 1.0]]}, {"file_path": "./train/r_38", "transform_matrix": [[0.9999862313270569, 0.0015947892097756267, -0.0050033265724778175, -0.006839039735496044], [-0.005251346621662378, 0.30368730425834656, -0.9527571201324463, -1.302322268486023], [-1.1641533570472262e-10, 0.9527704119682312, 0.30369144678115845, 0.12068742513656616], [0.0, 0.0, 0.0, 1.0]]}, {"file_path": "./train/r_39", "transform_matrix": [[0.5917560458183289, 0.24501705169677734, -0.7679787278175354, -1.048865795135498], [-0.806117057800293, 0.1798626035451889, -0.5637593865394592, -0.7699534296989441], [0.0, 0.9526889324188232, 0.30394718050956726, 0.12068742513656616], [0.0, 0.0, 0.0, 1.0]]}, {"file_path": "./train/r_40", "transform_matrix": [[0.5430883765220642, 0.25534796714782715, -0.7999076247215271, -1.0919126272201538], [-0.8396754860877991, 0.16515488922595978, -0.5173671841621399, -0.7062312364578247], [0.0, 0.9526392221450806, 0.3041030764579773, 0.12068742513656616], [0.0, 0.0, 0.0, 1.0]]}, {"file_path": "./train/r_41", "transform_matrix": [[0.43683740496635437, 0.2735579013824463, -0.8569357991218567, -1.1697379350662231], [-0.8995404839515686, 0.13284596800804138, -0.4161476194858551, -0.5680515170097351], [0.0, 0.9526373744010925, 0.30410850048065186, 0.12068742513656616], [0.0, 0.0, 0.0, 1.0]]}, {"file_path": "./train/r_42", "transform_matrix": [[0.31943759322166443, 0.28818145394325256, -0.9027240872383118, -1.2322145700454712], [-0.9476073384284973, 0.09714570641517639, -0.3043074905872345, -0.4153784513473511], [-7.450581485102248e-09, 0.9526353478431702, 0.30411478877067566, 0.12068742513656616], [0.0, 0.0, 0.0, 1.0]]}, {"file_path": "./train/r_43", "transform_matrix": [[0.19241555035114288, 0.2984682321548462, -0.9348223209381104, -1.2758735418319702], [-0.9813135862350464, 0.0585235171020031, -0.18329955637454987, -0.2501727342605591], [-3.725290742551124e-09, 0.9526235461235046, 0.304151713848114, 0.12068742513656616], [0.0, 0.0, 0.0, 1.0]]}, {"file_path": "./train/r_44", "transform_matrix": [[0.12596021592617035, 0.3013204336166382, -0.9451665878295898, -1.291741967201233], [-0.9920353889465332, 0.038259100168943405, -0.12000920623540878, -0.16401439905166626], [0.0, 0.9527551531791687, 0.30373960733413696, 0.12068742513656616], [0.0, 0.0, 0.0, 1.0]]}, {"file_path": "./train/r_45", "transform_matrix": [[0.05784996971487999, 0.30369997024536133, -0.9510097503662109, -1.2977205514907837], [-0.9983253479003906, 0.017598506063222885, -0.05510817468166351, -0.07519903033971786], [0.0, 0.9526051878929138, 0.3042093813419342, 0.12068742513656616], [0.0, 0.0, 0.0, 1.0]]}, {"file_path": "./train/r_46", "transform_matrix": [[0.9999309182167053, 0.0035705489572137594, -0.01119759026914835, -0.015300656668841839], [-0.011753078550100327, 0.30377593636512756, -0.9526709318161011, -1.3017525672912598], [2.3283061589829401e-10, 0.9527369141578674, 0.3037968873977661, 0.12068742513656616], [0.0, 0.0, 0.0, 1.0]]}, {"file_path": "./train/r_47", "transform_matrix": [[-0.011419019661843777, 0.30377197265625, -0.9526761770248413, -1.3017818927764893], [-0.9999348521232605, -0.0034690042957663536, 0.010879337787628174, 0.014866041950881481], [0.0, 0.9527385234832764, 0.30379170179367065, 0.12068742513656616], [0.0, 0.0, 0.0, 1.0]]}, {"file_path": "./train/r_48", "transform_matrix": [[-0.08163424581289291, 0.3031770884990692, -0.9494309425354004, -1.2956390380859375], [-0.9966623783111572, -0.024832511320710182, 0.07776562869548798, 0.1061227023601532], [1.862645371275562e-09, 0.9526106715202332, 0.30419230461120605, 0.12068742513656616], [0.0, 0.0, 0.0, 1.0]]}, {"file_path": "./train/r_49", "transform_matrix": [[-0.15220323204994202, 0.3002914488315582, -0.9416257739067078, -1.2865145206451416], [-0.988349199295044, -0.04624410346150398, 0.1450079381465912, 0.1981199085712433], [3.7252898543727042e-09, 0.952725887298584, 0.3038312792778015, 0.12068742513656616], [0.0, 0.0, 0.0, 1.0]]}, {"file_path": "./train/r_50", "transform_matrix": [[-0.22291716933250427, 0.2964349687099457, -0.928673267364502, -1.2677528858184814], [-0.9748373627662659, -0.06778611987829208, 0.21236078441143036, 0.28989851474761963], [7.4505797087454084e-09, 0.9526444673538208, 0.3040865361690521, 0.12068742513656616], [0.0, 0.0, 0.0, 1.0]]}, {"file_path": "./train/r_51", "transform_matrix": [[-0.29309651255607605, 0.2905901372432709, -0.9108520746231079, -1.244031548500061], [-0.9560829401016235, -0.0890832394361496, 0.2792305648326874, 0.381369948387146], [-7.450581485102248e-09, 0.9526917338371277, 0.30393821001052856, 0.12068742513656616], [0.0, 0.0, 0.0, 1.0]]}, {"file_path": "./train/r_52", "transform_matrix": [[-0.36254528164863586, 0.2832637131214142, -0.8878751397132874, -1.212634801864624], [-0.9319661855697632, -0.11019276082515717, 0.34539341926574707, 0.4717285633087158], [7.450581485102248e-09, 0.9526904821395874, 0.3039419949054718, 0.12068742513656616], [0.0, 0.0, 0.0, 1.0]]}, {"file_path": "./train/r_53", "transform_matrix": [[-0.6220037341117859, 0.23790152370929718, -0.745998740196228, -1.0192469358444214], [-0.7830142378807068, -0.1889820545911789, 0.5925996899604797, 0.8096601366996765], [-1.4901159417490817e-08, 0.9527270197868347, 0.30382779240608215, 0.12068742513656616], [0.0, 0.0, 0.0, 1.0]]}, {"file_path": "./train/r_54", "transform_matrix": [[0.9997840523719788, 0.006317021790891886, -0.019801674410700798, -0.02704617567360401], [-0.020784877240657806, 0.30385828018188477, -0.9524903893470764, -1.3009618520736694], [0.0, 0.9526963233947754, 0.30392390489578247, 0.12068742513656616], [0.0, 0.0, 0.0, 1.0]]}, {"file_path": "./train/r_55", "transform_matrix": [[-0.6800679564476013, 0.22294028103351593, -0.6984304785728455, -0.9534453749656677], [-0.7331491112709045, -0.20679903030395508, 0.64786297082901, 0.8844144344329834], [0.0, 0.9526445865631104, 0.3040858209133148, 0.12068742513656616], [0.0, 0.0, 0.0, 1.0]]}, {"file_path": "./train/r_56", "transform_matrix": [[-0.7343916296958923, 0.2063995748758316, -0.6465818285942078, -0.8826286792755127], [-0.6787260174751282, -0.2233274132013321, 0.6996111273765564, 0.9550173282623291], [-1.4901162970204496e-08, 0.9526406526565552, 0.3040984869003296, 0.12068742513656616], [0.0, 0.0, 0.0, 1.0]]}, {"file_path": "./train/r_57", "transform_matrix": [[-0.7847023606300354, 0.18831047415733337, -0.5905770659446716, -0.8069999814033508], [-0.6198726892471313, -0.23838388919830322, 0.7476167678833008, 1.0215884447097778], [1.4901161193847656e-08, 0.9527393579483032, 0.3037889003753662, 0.12068742513656616], [0.0, 0.0, 0.0, 1.0]]}, {"file_path": "./train/r_58", "transform_matrix": [[-0.9071611762046814, 0.12791839241981506, -0.40086832642555237, -0.5473890900611877], [-0.42078328132629395, -0.27577757835388184, 0.864226758480072, 1.180108904838562], [0.0, 0.9526718258857727, 0.3040006160736084, 0.12068742513656616], [0.0, 0.0, 0.0, 1.0]]}, {"file_path": "./train/r_59", "transform_matrix": [[-0.9373887777328491, 0.10590086132287979, -0.3317940831184387, -0.45297321677207947], [-0.34828484058380127, -0.2850261330604553, 0.893004834651947, 1.2191516160964966], [0.0, 0.9526516199111938, 0.30406394600868225, 0.12068742513656616], [0.0, 0.0, 0.0, 1.0]]}, {"file_path": "./train/r_60", "transform_matrix": [[-0.9619171023368835, 0.08300551027059555, -0.26043349504470825, -0.3560117185115814], [-0.27334144711494446, -0.2921050786972046, 0.9164927005767822, 1.2528425455093384], [0.0, 0.9527773857116699, 0.30366963148117065, 0.12068742513656616], [0.0, 0.0, 0.0, 1.0]]}, {"file_path": "./train/r_61", "transform_matrix": [[-0.980483889579773, 0.05979755520820618, -0.1872851848602295, -0.2556065618991852], [-0.1965998411178589, -0.29822272062301636, 0.934029757976532, 1.2747626304626465], [3.725290298461914e-09, 0.9526214003562927, 0.30415868759155273, 0.12068742513656616], [0.0, 0.0, 0.0, 1.0]]}, {"file_path": "./train/r_62", "transform_matrix": [[-0.9929491281509399, 0.0360194593667984, -0.11293721944093704, -0.15429124236106873], [-0.11854207515716553, -0.3017113506793976, 0.9460009336471558, 1.2923964262008667], [3.725290742551124e-09, 0.9527186751365662, 0.3038537800312042, 0.12068742513656616], [0.0, 0.0, 0.0, 1.0]]}, {"file_path": "./train/r_63", "transform_matrix": [[0.9994781017303467, 0.009822563268244267, -0.030775899067521095, -0.04201747104525566], [-0.03230540454387665, 0.30389460921287537, -0.9521576762199402, -1.2999541759490967], [9.31322685637781e-10, 0.9526549577713013, 0.30405327677726746, 0.12068742513656616], [0.0, 0.0, 0.0, 1.0]]}, {"file_path": "./train/r_64", "transform_matrix": [[-0.9992173314094543, 0.012030248530209064, -0.03768442943692207, -0.05143888667225838], [-0.03955809772014618, -0.30387789011001587, 0.9518893361091614, 1.299319863319397], [9.313225746154785e-10, 0.9526349902153015, 0.3041159510612488, 0.12068742513656616], [0.0, 0.0, 0.0, 1.0]]}, {"file_path": "./train/r_65", "transform_matrix": [[-0.9992172718048096, -0.012030974961817265, 0.03768669813871384, 0.0514419861137867], [0.03956048563122749, -0.30387789011001587, 0.951889157295227, 1.2993197441101074], [-9.31322685637781e-10, 0.9526349902153015, 0.3041159510612488, 0.12068742513656616], [0.0, 0.0, 0.0, 1.0]]}, {"file_path": "./train/r_66", "transform_matrix": [[-0.9929488301277161, -0.036019958555698395, 0.112938791513443, 0.15429341793060303], [0.11854370683431625, -0.3017112612724304, 0.9460007548332214, 1.2923964262008667], [-3.725290298461914e-09, 0.9527186751365662, 0.30385375022888184, 0.12068742513656616], [0.0, 0.0, 0.0, 1.0]]}, {"file_path": "./train/r_67", "transform_matrix": [[-0.9804834127426147, -0.05979817360639572, 0.18728715181350708, 0.25560930371284485], [0.19660188257694244, -0.29822254180908203, 0.9340293407440186, 1.2747622728347778], [0.0, 0.952621340751648, 0.30415865778923035, 0.12068742513656616], [0.0, 0.0, 0.0, 1.0]]}, {"file_path": "./train/r_68", "transform_matrix": [[-0.9619165062904358, -0.0830061137676239, 0.2604353725910187, 0.35601431131362915], [0.27334341406822205, -0.29210489988327026, 0.9164921641349792, 1.252841830253601], [-7.450580596923828e-09, 0.9527773857116699, 0.30366963148117065, 0.12068742513656616], [0.0, 0.0, 0.0, 1.0]]}, {"file_path": "./train/r_69", "transform_matrix": [[-0.9373881816864014, -0.1059013158082962, 0.33179551362991333, 0.45297524333000183], [0.34828633069992065, -0.285025954246521, 0.8930042386054993, 1.2191510200500488], [0.0, 0.9526516199111938, 0.30406391620635986, 0.12068742513656616], [0.0, 0.0, 0.0, 1.0]]}, {"file_path": "./train/r_70", "transform_matrix": [[-0.9071603417396545, -0.12791895866394043, 0.40087008476257324, 0.5473915338516235], [0.42078518867492676, -0.27577733993530273, 0.8642258644104004, 1.180107831954956], [1.4901162970204496e-08, 0.9526718258857727, 0.304000586271286, 0.12068742513656616], [0.0, 0.0, 0.0, 1.0]]}, {"file_path": "./train/r_71", "transform_matrix": [[-0.8304796814918518, -0.16943028569221497, 0.5306571125984192, 0.7242445945739746], [0.5570490956306458, -0.25259605050086975, 0.7911329865455627, 1.0797439813613892], [0.0, 0.9526219367980957, 0.3041568100452423, 0.12068742513656616], [0.0, 0.0, 0.0, 1.0]]}, {"file_path": "./train/r_72", "transform_matrix": [[-0.7847014665603638, -0.18831084668636322, 0.5905781984329224, 0.8070014715194702], [0.6198738813400269, -0.23838363587856293, 0.7476158738136292, 1.0215871334075928], [0.0, 0.9527393579483032, 0.3037889003753662, 0.12068742513656616], [0.0, 0.0, 0.0, 1.0]]}, {"file_path": "./train/r_73", "transform_matrix": [[-0.7343902587890625, -0.20640000700950623, 0.6465831995010376, 0.8826305866241455], [0.6787274479866028, -0.22332699596881866, 0.6996098756790161, 0.9550155997276306], [0.0, 0.9526406526565552, 0.3040984869003296, 0.12068742513656616], [0.0, 0.0, 0.0, 1.0]]}, {"file_path": "./train/r_74", "transform_matrix": [[-0.6800666451454163, -0.22294063866138458, 0.6984315514564514, 0.9534468650817871], [0.7331502437591553, -0.20679865777492523, 0.6478617191314697, 0.8844127058982849], [0.0, 0.9526445865631104, 0.3040858209133148, 0.12068742513656616], [0.0, 0.0, 0.0, 1.0]]}, {"file_path": "./train/r_75", "transform_matrix": [[-0.622002363204956, -0.23790186643600464, 0.745999813079834, 1.0192484855651855], [0.7830154299736023, -0.18898160755634308, 0.5925983190536499, 0.8096583485603333], [0.0, 0.9527270197868347, 0.30382776260375977, 0.12068742513656616], [0.0, 0.0, 0.0, 1.0]]}, {"file_path": "./train/r_76", "transform_matrix": [[-0.49683135747909546, -0.26358115673065186, 0.826851487159729, 1.1301218271255493], [0.867847204208374, -0.1508968323469162, 0.4733618497848511, 0.6469802260398865], [7.450581485102248e-09, 0.9527618288993835, 0.3037183880805969, 0.12068742513656616], [0.0, 0.0, 0.0, 1.0]]}, {"file_path": "./train/r_77", "transform_matrix": [[-0.3625427782535553, -0.28326407074928284, 0.8878761529922485, 1.21263587474823], [0.9319671988487244, -0.11019201576709747, 0.34539100527763367, 0.47172513604164124], [7.450580596923828e-09, 0.9526905417442322, 0.30394208431243896, 0.12068742513656616], [0.0, 0.0, 0.0, 1.0]]}, {"file_path": "./train/r_78", "transform_matrix": [[-0.2930953800678253, -0.2905902564525604, 0.9108524322509766, 1.2440319061279297], [0.9560832977294922, -0.08908288925886154, 0.2792294919490814, 0.3813684582710266], [0.0, 0.9526916742324829, 0.30393823981285095, 0.12068742513656616], [0.0, 0.0, 0.0, 1.0]]}, {"file_path": "./train/r_79", "transform_matrix": [[-0.22291569411754608, -0.2964351177215576, 0.9286736249923706, 1.2677531242370605], [0.9748377799987793, -0.06778568029403687, 0.21235935389995575, 0.28989648818969727], [0.0, 0.952644407749176, 0.3040865957736969, 0.12068742513656616], [0.0, 0.0, 0.0, 1.0]]}, {"file_path": "./train/r_80", "transform_matrix": [[-0.15220217406749725, -0.300291508436203, 0.9416258931159973, 1.2865146398544312], [0.988349437713623, -0.04624378681182861, 0.14500692486763, 0.19811850786209106], [0.0, 0.952725887298584, 0.3038313090801239, 0.12068742513656616], [0.0, 0.0, 0.0, 1.0]]}, {"file_path": "./train/r_81", "transform_matrix": [[0.9980370998382568, 0.0190520491451025, -0.059657830744981766, -0.0814049169421196], [-0.0626261830329895, 0.30362144112586975, -0.9507321715354919, -1.2973028421401978], [0.0, 0.952602207660675, 0.3042185306549072, 0.12068742513656616], [0.0, 0.0, 0.0, 1.0]]}, {"file_path": "./train/r_82", "transform_matrix": [[-0.08163344860076904, -0.3031771183013916, 0.9494310617446899, 1.2956390380859375], [0.996662437915802, -0.02483227476477623, 0.07776488363742828, 0.10612168163061142], [0.0, 0.9526106715202332, 0.30419233441352844, 0.12068742513656616], [0.0, 0.0, 0.0, 1.0]]}, {"file_path": "./train/r_83", "transform_matrix": [[-0.011418180540204048, -0.30377197265625, 0.9526761770248413, 1.3017818927764893], [0.9999348521232605, -0.003468749113380909, 0.010878537781536579, 0.014864948578178883], [0.0, 0.9527385234832764, 0.30379170179367065, 0.12068742513656616], [0.0, 0.0, 0.0, 1.0]]}, {"file_path": "./train/r_84", "transform_matrix": [[0.05785062909126282, -0.30369994044303894, 0.9510097503662109, 1.2977205514907837], [0.9983252286911011, 0.017598705366253853, -0.05510880798101425, -0.07519989460706711], [1.8626449271863521e-09, 0.9526051878929138, 0.3042093813419342, 0.12068742513656616], [0.0, 0.0, 0.0, 1.0]]}, {"file_path": "./train/r_85", "transform_matrix": [[0.12596173584461212, -0.301320344209671, 0.9451664090156555, 1.291741967201233], [0.9920350909233093, 0.03825956955552101, -0.12001068145036697, -0.16401644051074982], [0.0, 0.9527551531791687, 0.3037395477294922, 0.12068742513656616], [0.0, 0.0, 0.0, 1.0]]}, {"file_path": "./train/r_86", "transform_matrix": [[0.25704583525657654, -0.29348695278167725, 0.9207565188407898, 1.2585818767547607], [0.9663993120193481, 0.07806255668401718, -0.24490563571453094, -0.33476144075393677], [0.0, 0.9527705311775208, 0.30369117856025696, 0.12068742513656616], [0.0, 0.0, 0.0, 1.0]]}, {"file_path": "./train/r_87", "transform_matrix": [[0.3194386959075928, -0.288181334733963, 0.9027237296104431, 1.232214093208313], [0.9476069808006287, 0.09714604914188385, -0.30430856347084045, -0.41537991166114807], [0.0, 0.9526353478431702, 0.30411478877067566, 0.12068742513656616], [0.0, 0.0, 0.0, 1.0]]}, {"file_path": "./train/r_88", "transform_matrix": [[0.3794845640659332, -0.2809937000274658, 0.8814951777458191, 1.2048332691192627], [0.9251980781555176, 0.1152539998292923, -0.3615591526031494, -0.4941813349723816], [-7.450580596923828e-09, 0.9527639150619507, 0.3037119209766388, 0.12068742513656616], [0.0, 0.0, 0.0, 1.0]]}, {"file_path": "./train/r_89", "transform_matrix": [[0.4368382394313812, -0.2735578119754791, 0.8569353818893433, 1.169737458229065], [0.8995401859283447, 0.13284622132778168, -0.4161483347415924, -0.5680525302886963], [7.450581485102248e-09, 0.9526373744010925, 0.30410847067832947, 0.12068742513656616], [0.0, 0.0, 0.0, 1.0]]}, {"file_path": "./train/r_90", "transform_matrix": [[0.49147433042526245, -0.26458248496055603, 0.8297281861305237, 1.133725643157959], [0.8708921670913696, 0.14931298792362213, -0.46824410557746887, -0.6398003101348877], [-7.450581485102248e-09, 0.9527338147163391, 0.30380624532699585, 0.12068742513656616], [0.0, 0.0, 0.0, 1.0]]}, {"file_path": "./train/r_91", "transform_matrix": [[0.9966886043548584, 0.024734947830438614, -0.07745973765850067, -0.10570482164621353], [-0.08131316304206848, 0.3031863272190094, -0.9494556188583374, -1.2956671714782715], [-3.725290298461914e-09, 0.9526102542877197, 0.3041935861110687, 0.12068742513656616], [0.0, 0.0, 0.0, 1.0]]}, {"file_path": "./train/r_92", "transform_matrix": [[0.5917571783065796, -0.24501678347587585, 0.7679778933525085, 1.0488648414611816], [0.8061163425445557, 0.17986291646957397, -0.5637603402137756, -0.7699549198150635], [-1.4901161193847656e-08, 0.952688992023468, 0.3039471209049225, 0.12068742513656616], [0.0, 0.0, 0.0, 1.0]]}, {"file_path": "./train/r_93", "transform_matrix": [[0.6372117400169373, -0.23432619869709015, 0.7342019081115723, 1.0024034976959229], [0.7706887722015381, 0.1937427967786789, -0.6070440411567688, -0.8287952542304993], [0.0, 0.9526568055152893, 0.30404773354530334, 0.12068742513656616], [0.0, 0.0, 0.0, 1.0]]}, {"file_path": "./train/r_94", "transform_matrix": [[0.6796121001243591, -0.22307200729846954, 0.6988320350646973, 0.9539796113967896], [0.7335716485977173, 0.20666344463825226, -0.6474278569221497, -0.8838074803352356], [-1.4901161193847656e-08, 0.9526431560516357, 0.304090291261673, 0.12068742513656616], [0.0, 0.0, 0.0, 1.0]]}, {"file_path": "./train/r_95", "transform_matrix": [[0.7187621593475342, -0.21127088367938995, 0.6623786091804504, 0.9048577547073364], [0.6952559947967529, 0.2184138149023056, -0.6847732067108154, -0.9354503750801086], [0.0, 0.9527118802070618, 0.3038749098777771, 0.12068742513656616], [0.0, 0.0, 0.0, 1.0]]}, {"file_path": "./train/r_96", "transform_matrix": [[0.7877862453460693, -0.18707111477851868, 0.5868536233901978, 0.8021146059036255], [0.6159487366676331, 0.23926028609275818, -0.7505741715431213, -1.0258888006210327], [-1.4901159417490817e-08, 0.9527638554573059, 0.3037121593952179, 0.12068742513656616], [0.0, 0.0, 0.0, 1.0]]}, {"file_path": "./train/r_97", "transform_matrix": [[0.8176841139793396, -0.17506438493728638, 0.5484023094177246, 0.748586118221283], [0.575667142868042, 0.24866344034671783, -0.7789568305015564, -1.0633002519607544], [0.0, 0.9526379704475403, 0.3041069209575653, 0.12068742513656616], [0.0, 0.0, 0.0, 1.0]]}, {"file_path": "./train/r_98", "transform_matrix": [[0.8447019457817078, -0.1627333015203476, 0.5098985433578491, 0.6961814761161804], [0.5352370738983154, 0.2568228840827942, -0.8047130703926086, -1.0987015962600708], [1.4901161193847656e-08, 0.9526594281196594, 0.3040395975112915, 0.12068742513656616], [0.0, 0.0, 0.0, 1.0]]}, {"file_path": "./train/r_99", "transform_matrix": [[0.8688349723815918, -0.15038619935512543, 0.4717094600200653, 0.6446589827537537], [0.4951019287109375, 0.263906866312027, -0.8277844786643982, -1.131286859512329], [0.0, 0.9527523517608643, 0.3037479519844055, 0.12068742513656616], [0.0, 0.0, 0.0, 1.0]]}]}