{"camera_angle_x": 1.40241539478302, "frames": [{"file_path": "./train/r_0", "transform_matrix": [[1.0, 0.0, 0.0, 0.0], [0.0, 0.5882565975189209, -0.8086743950843811, -1.284651517868042], [0.0, 0.8086743950843811, 0.5882564783096313, 0.6500700116157532], [0.0, 0.0, 0.0, 1.0]]}, {"file_path": "./train/r_1", "transform_matrix": [[0.9947581887245178, 0.06021682173013687, -0.08264422416687012, -0.13114707171916962], [-0.10225523263216019, 0.5858005881309509, -0.8039785623550415, -1.2758234739303589], [0.0, 0.8082150816917419, 0.5888873934745789, 0.6500700116157532], [0.0, 0.0, 0.0, 1.0]]}, {"file_path": "./train/r_2", "transform_matrix": [[0.8903102874755859, -0.2681995630264282, 0.36799007654190063, 0.583856463432312], [0.4553545117378235, 0.5243844389915466, -0.7194950580596924, -1.1415575742721558], [0.0, 0.8081398010253906, 0.5889906287193298, 0.6500700116157532], [0.0, 0.0, 0.0, 1.0]]}, {"file_path": "./train/r_3", "transform_matrix": [[0.952277421951294, -0.179746612906456, 0.24669617414474487, 0.39148321747779846], [0.3052341043949127, 0.5607782006263733, -0.7696492671966553, -1.2213597297668457], [0.0, 0.8082196712493896, 0.5888811349868774, 0.6500700116157532], [0.0, 0.0, 0.0, 1.0]]}, {"file_path": "./train/r_4", "transform_matrix": [[0.9626101851463318, -0.1593645066022873, 0.2190537303686142, 0.34796130657196045], [0.27089035511016846, 0.5663025379180908, -0.7784085273742676, -1.2364822626113892], [7.450580596923828e-09, 0.8086435794830322, 0.5882989168167114, 0.6500700116157532], [0.0, 0.0, 0.0, 1.0]]}, {"file_path": "./train/r_5", "transform_matrix": [[0.9712240695953369, -0.14022155106067657, 0.19251437485218048, 0.3055693209171295], [0.23816776275634766, 0.5718093514442444, -0.7850542068481445, -1.2460808753967285], [0.0, 0.808314323425293, 0.5887511968612671, 0.6500700116157532], [0.0, 0.0, 0.0, 1.0]]}, {"file_path": "./train/r_6", "transform_matrix": [[0.9783234596252441, -0.12197831273078918, 0.16734549403190613, 0.265493243932724], [0.20708264410495758, 0.5762638449668884, -0.7905926704406738, -1.2542734146118164], [0.0, 0.8081096410751343, 0.5890320539474487, 0.6500700116157532], [0.0, 0.0, 0.0, 1.0]]}, {"file_path": "./train/r_7", "transform_matrix": [[0.9840624332427979, -0.10472738742828369, 0.14371256530284882, 0.22803501784801483], [0.17782330513000488, 0.5795544385910034, -0.7952958345413208, -1.2619307041168213], [0.0, 0.8081762194633484, 0.5889407396316528, 0.6500700116157532], [0.0, 0.0, 0.0, 1.0]]}, {"file_path": "./train/r_8", "transform_matrix": [[0.9886032938957214, -0.08860284090042114, 0.12170909345149994, 0.19324931502342224], [0.15054424107074738, 0.5818426012992859, -0.7992468476295471, -1.269041657447815], [7.450581485102248e-09, 0.8084606528282166, 0.5885500907897949, 0.6500700116157532], [0.0, 0.0, 0.0, 1.0]]}, {"file_path": "./train/r_9", "transform_matrix": [[0.9921113848686218, 0.07377003878355026, -0.10135570913553238, -0.16095472872257233], [-0.12535947561264038, 0.5838257670402527, -0.8021424412727356, -1.2738169431686401], [-3.725290298461914e-09, 0.808520495891571, 0.5884680151939392, 0.6500700116157532], [0.0, 0.0, 0.0, 1.0]]}, {"file_path": "./train/r_10", "transform_matrix": [[0.9947582483291626, -0.0602165162563324, 0.08264379948377609, 0.1311463862657547], [0.102254718542099, 0.5858006477355957, -0.8039785623550415, -1.2758233547210693], [-3.725290298461914e-09, 0.8082150816917419, 0.5888874530792236, 0.6500700116157532], [0.0, 0.0, 0.0, 1.0]]}, {"file_path": "./train/r_11", "transform_matrix": [[0.996688723564148, -0.047900158911943436, 0.06570612639188766, 0.10423283278942108], [0.08131248503923416, 0.5871367454528809, -0.8053935766220093, -1.277635097503662], [0.0, 0.8080693483352661, 0.5890873670578003, 0.6500700116157532], [0.0, 0.0, 0.0, 1.0]]}, {"file_path": "./train/r_12", "transform_matrix": [[0.9980370998382568, -0.03689415007829666, 0.05060426890850067, 0.08027128875255585], [0.06262563914060593, 0.587965726852417, -0.8064578175544739, -1.2792479991912842], [0.0, 0.8080440163612366, 0.5891220569610596, 0.6500700116157532], [0.0, 0.0, 0.0, 1.0]]}, {"file_path": "./train/r_13", "transform_matrix": [[0.9989290237426758, -0.02725508250296116, 0.0373910628259182, 0.05931984633207321], [0.04627019539475441, 0.5884109735488892, -0.8072370290756226, -1.2806583642959595], [0.0, 0.8081024885177612, 0.5890418887138367, 0.6500700116157532], [0.0, 0.0, 0.0, 1.0]]}, {"file_path": "./train/r_14", "transform_matrix": [[0.9999309778213501, -0.006916811224073172, 0.00950165931135416, 0.015087113715708256], [0.01175260916352272, 0.5884935259819031, -0.8084165453910828, -1.2836359739303589], [-4.656612873077393e-10, 0.8084723353385925, 0.5885341763496399, 0.6500700116157532], [0.0, 0.0, 0.0, 1.0]]}, {"file_path": "./train/r_15", "transform_matrix": [[0.9999862313270569, -0.0030903706792742014, 0.004246880300343037, 0.006745050195604563], [0.005252274218946695, 0.5883790254592896, -0.8085681200027466, -1.284197449684143], [0.0, 0.8085792660713196, 0.5883871912956238, 0.6500700116157532], [0.0, 0.0, 0.0, 1.0]]}, {"file_path": "./train/r_16", "transform_matrix": [[0.9999991655349731, -0.0007761874585412443, 0.0010669287294149399, 0.0016948141856119037], [0.0013193953782320023, 0.5882897973060608, -0.8086490631103516, -1.284537434577942], [0.0, 0.8086497187614441, 0.5882903337478638, 0.6500700116157532], [0.0, 0.0, 0.0, 1.0]]}, {"file_path": "./train/r_17", "transform_matrix": [[0.9886031150817871, 0.08860348165035248, -0.12170999497175217, -0.19325074553489685], [-0.15054534375667572, 0.5818424820899963, -0.7992467880249023, -1.2690415382385254], [0.0, 0.8084607720375061, 0.5885500907897949, 0.6500700116157532], [0.0, 0.0, 0.0, 1.0]]}, {"file_path": "./train/r_18", "transform_matrix": [[1.0, 0.0, 0.0, 0.0], [0.0, 0.5882565975189209, -0.8086743950843811, -1.284651517868042], [0.0, 0.8086743950843811, 0.5882564783096313, 0.6500700116157532], [0.0, 0.0, 0.0, 1.0]]}, {"file_path": "./train/r_19", "transform_matrix": [[0.9783233404159546, 0.12197879701852798, -0.16734616458415985, -0.26549431681632996], [-0.20708349347114563, 0.5762637257575989, -0.7905924916267395, -1.2542732954025269], [0.0, 0.8081096410751343, 0.589031994342804, 0.6500700116157532], [0.0, 0.0, 0.0, 1.0]]}, {"file_path": "./train/r_20", "transform_matrix": [[0.9712239503860474, 0.1402217000722885, -0.19251462817192078, -0.30556973814964294], [-0.23816800117492676, 0.5718092322349548, -0.7850543260574341, -1.2460811138153076], [-7.4505797087454084e-09, 0.808314323425293, 0.5887511968612671, 0.6500700116157532], [0.0, 0.0, 0.0, 1.0]]}, {"file_path": "./train/r_21", "transform_matrix": [[0.9626097679138184, 0.15936538577079773, -0.2190549522638321, -0.34796321392059326], [-0.27089184522628784, 0.5663023591041565, -0.7784082293510437, -1.2364816665649414], [1.4901159417490817e-08, 0.8086435198783875, 0.5882989764213562, 0.6500700116157532], [0.0, 0.0, 0.0, 1.0]]}, {"file_path": "./train/r_22", "transform_matrix": [[0.9522769451141357, 0.1797472983598709, -0.24669715762138367, -0.391484797000885], [-0.30523526668548584, 0.5607779622077942, -0.7696490287780762, -1.221359372138977], [0.0, 0.8082196712493896, 0.5888811349868774, 0.6500700116157532], [0.0, 0.0, 0.0, 1.0]]}, {"file_path": "./train/r_23", "transform_matrix": [[0.940035343170166, 0.20088018476963043, -0.2756461203098297, -0.437366783618927], [-0.34107717871665955, 0.5536414980888367, -0.759702205657959, -1.2054169178009033], [0.0, 0.8081635236740112, 0.588958203792572, 0.6500700116157532], [0.0, 0.0, 0.0, 1.0]]}, {"file_path": "./train/r_24", "transform_matrix": [[0.925743579864502, 0.22252199053764343, -0.3057498633861542, -0.48555484414100647], [-0.37815216183662415, 0.5447497367858887, -0.7484975457191467, -1.1886730194091797], [0.0, 0.8085366487503052, 0.5884456634521484, 0.6500700116157532], [0.0, 0.0, 0.0, 1.0]]}, {"file_path": "./train/r_25", "transform_matrix": [[0.9999991655349731, 0.0007765096961520612, -0.0010673714568838477, -0.0016955173341557384], [-0.0013199427630752325, 0.5882898569107056, -0.8086490631103516, -1.2845373153686523], [0.0, 0.8086497187614441, 0.5882903933525085, 0.6500700116157532], [0.0, 0.0, 0.0, 1.0]]}, {"file_path": "./train/r_26", "transform_matrix": [[0.9092468023300171, 0.24507342278957367, -0.33646589517593384, -0.534054160118103], [-0.41625750064849854, 0.5353230237960815, -0.7349550724029541, -1.166554570198059], [-1.4901161193847656e-08, 0.8083120584487915, 0.5887543559074402, 0.6500700116157532], [0.0, 0.0, 0.0, 1.0]]}, {"file_path": "./train/r_27", "transform_matrix": [[0.8903099894523621, 0.2681998908519745, -0.3679905831813812, -0.5838572978973389], [-0.45535510778427124, 0.5243842005729675, -0.7194949388504028, -1.1415573358535767], [-1.4901162970204496e-08, 0.8081398010253906, 0.5889906287193298, 0.6500700116157532], [0.0, 0.0, 0.0, 1.0]]}, {"file_path": "./train/r_28", "transform_matrix": [[0.8688344955444336, 0.2913510501384735, -0.40030142664909363, -0.635688304901123], [-0.4951027035713196, 0.5112794637680054, -0.7024717926979065, -1.1155421733856201], [0.0, 0.8085219860076904, 0.5884658694267273, 0.6500700116157532], [0.0, 0.0, 0.0, 1.0]]}, {"file_path": "./train/r_29", "transform_matrix": [[0.8176839351654053, 0.339048832654953, -0.46522995829582214, -0.7381684184074402], [-0.5756675004959106, 0.4815883934497833, -0.6608173251152039, -1.0485018491744995], [0.0, 0.8081575036048889, 0.5889664888381958, 0.6500700116157532], [0.0, 0.0, 0.0, 1.0]]}, {"file_path": "./train/r_30", "transform_matrix": [[0.7877854704856873, 0.3624346852302551, -0.4980313181877136, -0.790952742099762], [-0.6159497499465942, 0.4635455906391144, -0.6369705200195312, -1.0116102695465088], [1.4901161193847656e-08, 0.8085582852363586, 0.5884160399436951, 0.6500700116157532], [0.0, 0.0, 0.0, 1.0]]}, {"file_path": "./train/r_31", "transform_matrix": [[0.7548338174819946, 0.38637396693229675, -0.5300388336181641, -0.8408655524253845], [-0.655916154384613, 0.44464239478111267, -0.609973132610321, -0.9676750898361206], [0.0, 0.8080893158912659, 0.5890600085258484, 0.6500700116157532], [0.0, 0.0, 0.0, 1.0]]}, {"file_path": "./train/r_32", "transform_matrix": [[0.67961186170578, 0.4320322275161743, -0.5928539633750916, -0.9407032132148743], [-0.7335718870162964, 0.4002528488636017, -0.5492448806762695, -0.8715071082115173], [0.0, 0.8081743717193604, 0.5889433026313782, 0.6500700116157532], [0.0, 0.0, 0.0, 1.0]]}, {"file_path": "./train/r_33", "transform_matrix": [[0.9999862909317017, 0.003089825389906764, -0.004246130585670471, -0.006743859965354204], [-0.005251347552984953, 0.5883790850639343, -0.8085681796073914, -1.2841975688934326], [0.0, 0.8085792660713196, 0.5883871912956238, 0.6500700116157532], [0.0, 0.0, 0.0, 1.0]]}, {"file_path": "./train/r_34", "transform_matrix": [[0.5917560458183289, 0.4745965003967285, -0.6516003608703613, -1.0342686176300049], [-0.8061171770095825, 0.34839269518852234, -0.47832804918289185, -0.7592378854751587], [0.0, 0.8083197474479675, 0.5887438058853149, 0.6500700116157532], [0.0, 0.0, 0.0, 1.0]]}, {"file_path": "./train/r_35", "transform_matrix": [[0.5430883765220642, 0.49453631043434143, -0.6785932779312134, -1.0767163038253784], [-0.8396755456924438, 0.31985801458358765, -0.4389030337333679, -0.6964024901390076], [1.4901161193847656e-08, 0.8081613183021545, 0.5889611840248108, 0.6500700116157532], [0.0, 0.0, 0.0, 1.0]]}, {"file_path": "./train/r_36", "transform_matrix": [[0.49147382378578186, 0.5125613808631897, -0.7040839791297913, -1.1179475784301758], [-0.8708924055099487, 0.2892555892467499, -0.39733821153640747, -0.6308953166007996], [0.0, 0.8084627389907837, 0.5885473489761353, 0.6500700116157532], [0.0, 0.0, 0.0, 1.0]]}, {"file_path": "./train/r_37", "transform_matrix": [[0.43683749437332153, 0.5298011898994446, -0.7269688248634338, -1.1534584760665894], [-0.8995405435562134, 0.25728359818458557, -0.3530327081680298, -0.5601458549499512], [0.0, 0.80815589427948, 0.5889686942100525, 0.6500700116157532], [0.0, 0.0, 0.0, 1.0]]}, {"file_path": "./train/r_38", "transform_matrix": [[0.37948429584503174, 0.5444011092185974, -0.7480769157409668, -1.1880654096603394], [-0.9251981973648071, 0.22329451143741608, -0.3068352937698364, -0.48730334639549255], [-1.4901161193847656e-08, 0.8085585832595825, 0.5884157419204712, 0.6500700116157532], [0.0, 0.0, 0.0, 1.0]]}, {"file_path": "./train/r_39", "transform_matrix": [[0.3194376230239868, 0.5581194162368774, -0.7658083438873291, -1.215065598487854], [-0.9476073980331421, 0.1881415694952011, -0.2581533193588257, -0.4095975458621979], [0.0, 0.8081494569778442, 0.5889775156974792, 0.6500700116157532], [0.0, 0.0, 0.0, 1.0]]}, {"file_path": "./train/r_40", "transform_matrix": [[0.2570449411869049, 0.5686166286468506, -0.7814108729362488, -1.2410660982131958], [-0.9663995504379272, 0.15124183893203735, -0.20784127712249756, -0.33010134100914], [1.4901162970204496e-08, 0.8085796236991882, 0.5883867740631104, 0.6500700116157532], [0.0, 0.0, 0.0, 1.0]]}, {"file_path": "./train/r_41", "transform_matrix": [[0.19241555035114288, 0.5780221223831177, -0.7930111289024353, -1.2581169605255127], [-0.9813135862350464, 0.11333832144737244, -0.15549327433109283, -0.246691033244133], [0.0, 0.808111846446991, 0.5890289545059204, 0.6500700116157532], [0.0, 0.0, 0.0, 1.0]]}, {"file_path": "./train/r_42", "transform_matrix": [[0.12596023082733154, 0.5837674736976624, -0.8020907044410706, -1.2737644910812378], [-0.9920353889465332, 0.07412183284759521, -0.10184266418218613, -0.1617317944765091], [0.0, 0.8085303902626038, 0.5884543061256409, 0.6500700116157532], [0.0, 0.0, 0.0, 1.0]]}, {"file_path": "./train/r_43", "transform_matrix": [[0.05784996971487999, 0.5881227254867554, -0.8067001104354858, -1.2796599864959717], [-0.9983252882957458, 0.03407995402812958, -0.04674585908651352, -0.07415246963500977], [1.862645149230957e-09, 0.8080533742904663, 0.5891093015670776, 0.6500700116157532], [0.0, 0.0, 0.0, 1.0]]}, {"file_path": "./train/r_44", "transform_matrix": [[0.9999309778213501, 0.006917088758200407, -0.009502038359642029, -0.015087715350091457], [-0.011753080412745476, 0.5884935259819031, -0.8084164261817932, -1.2836358547210693], [0.0, 0.8084723353385925, 0.5885341763496399, 0.6500700116157532], [0.0, 0.0, 0.0, 1.0]]}, {"file_path": "./train/r_45", "transform_matrix": [[-0.011419019661843777, 0.5884886384010315, -0.8084248304367065, -1.2836647033691406], [-0.9999347925186157, -0.0067204018123447895, 0.009232020936906338, 0.014659148640930653], [0.0, 0.8084775805473328, 0.5885270237922668, 0.6500700116157532], [0.0, 0.0, 0.0, 1.0]]}, {"file_path": "./train/r_46", "transform_matrix": [[-0.08163423091173172, 0.5871193408966064, -0.8053736686706543, -1.2776074409484863], [-0.9966623783111572, -0.04808954522013664, 0.06596623361110687, 0.10464578121900558], [-3.725290298461914e-09, 0.8080706596374512, 0.5890855193138123, 0.6500700116157532], [0.0, 0.0, 0.0, 1.0]]}, {"file_path": "./train/r_47", "transform_matrix": [[-0.36254528164863586, 0.5486826300621033, -0.7533315420150757, -1.1957584619522095], [-0.931966245174408, -0.21344366669654846, 0.29305440187454224, 0.4651634395122528], [1.4901161193847656e-08, 0.808324933052063, 0.5887366533279419, 0.6500700116157532], [0.0, 0.0, 0.0, 1.0]]}, {"file_path": "./train/r_48", "transform_matrix": [[-0.496832937002182, 0.5106620788574219, -0.7016987800598145, -1.1143927574157715], [-0.8678462505340576, -0.292348712682724, 0.4017152488231659, 0.6379782557487488], [0.0, 0.808552086353302, 0.5884246230125427, 0.6500700116157532], [0.0, 0.0, 0.0, 1.0]]}, {"file_path": "./train/r_49", "transform_matrix": [[-0.5607941746711731, 0.487697035074234, -0.6690751314163208, -1.0614757537841797], [-0.8279553651809692, -0.3303290009498596, 0.45318078994750977, 0.7189632654190063], [1.4901162970204496e-08, 0.8081054091453552, 0.5890378355979919, 0.6500700116157532], [0.0, 0.0, 0.0, 1.0]]}, {"file_path": "./train/r_50", "transform_matrix": [[0.9997840523719788, 0.012236294336616993, -0.016801316291093826, -0.02666977047920227], [-0.020784879103302956, 0.5885842442512512, -0.8081686496734619, -1.2828562259674072], [0.0, 0.8083432912826538, 0.5887113809585571, 0.6500700116157532], [0.0, 0.0, 0.0, 1.0]]}, {"file_path": "./train/r_51", "transform_matrix": [[-0.6800680160522461, 0.4317787289619446, -0.5925155878067017, -0.9401761293411255], [-0.7331491112709045, -0.4005173444747925, 0.5496165752410889, 0.8721058964729309], [-1.4901161193847656e-08, 0.8081788420677185, 0.5889371633529663, 0.6500700116157532], [0.0, 0.0, 0.0, 1.0]]}, {"file_path": "./train/r_52", "transform_matrix": [[-0.7343916296958923, 0.39973899722099304, -0.5485233068466187, -0.8703449964523315], [-0.6787260174751282, -0.4325234889984131, 0.5935103297233582, 0.9417262077331543], [1.4901159417490817e-08, 0.808165967464447, 0.5889548659324646, 0.6500700116157532], [0.0, 0.0, 0.0, 1.0]]}, {"file_path": "./train/r_53", "transform_matrix": [[-0.7847024202346802, 0.36480942368507385, -0.5011549592018127, -0.7957688570022583], [-0.6198728084564209, -0.46181541681289673, 0.6344164609909058, 1.0073708295822144], [2.980232594040899e-08, 0.808480441570282, 0.5885230302810669, 0.6500700116157532], [0.0, 0.0, 0.0, 1.0]]}, {"file_path": "./train/r_54", "transform_matrix": [[-0.8304805159568787, 0.32812127470970154, -0.45015403628349304, -0.7141634821891785], [-0.5570478439331055, -0.4891829788684845, 0.671116828918457, 1.0647180080413818], [1.4901161193847656e-08, 0.8081067800521851, 0.5890361070632935, 0.6500700116157532], [0.0, 0.0, 0.0, 1.0]]}, {"file_path": "./train/r_55", "transform_matrix": [[-0.8713942766189575, 0.2887408137321472, -0.3966115713119507, -0.6297212839126587], [-0.49058330059051514, -0.5128733515739441, 0.704477846622467, 1.1185369491577148], [0.0, 0.8084490299224854, 0.5885663032531738, 0.6500700116157532], [0.0, 0.0, 0.0, 1.0]]}, {"file_path": "./train/r_56", "transform_matrix": [[-0.9373887777328491, 0.20510724186897278, -0.2814841866493225, -0.4466691315174103], [-0.34828484058380127, -0.5520344376564026, 0.7575986385345459, 1.2021844387054443], [0.0, 0.8082011342048645, 0.5889066457748413, 0.6500700116157532], [0.0, 0.0, 0.0, 1.0]]}, {"file_path": "./train/r_57", "transform_matrix": [[-0.9619171619415283, 0.16082224249839783, -0.2210242748260498, -0.3510570526123047], [-0.27334141731262207, -0.5659503936767578, 0.7778076529502869, 1.2354066371917725], [-1.4901161193847656e-08, 0.8086015582084656, 0.5883566737174988, 0.6500700116157532], [0.0, 0.0, 0.0, 1.0]]}, {"file_path": "./train/r_58", "transform_matrix": [[-0.9929491281509399, 0.06977546215057373, -0.09583111852407455, -0.1521439403295517], [-0.11854207515716553, -0.5844632983207703, 0.802714467048645, 1.2744100093841553], [0.0, 0.8084145188331604, 0.5886135697364807, 0.6500700116157532], [0.0, 0.0, 0.0, 1.0]]}, {"file_path": "./train/r_59", "transform_matrix": [[0.9994781017303467, 0.019024383276700974, -0.026109609752893448, -0.041432708501815796], [-0.03230540454387665, 0.588584303855896, -0.8077900409698486, -1.281862497329712], [-9.31322685637781e-10, 0.8082119822502136, 0.5888916850090027, 0.6500700116157532], [0.0, 0.0, 0.0, 1.0]]}, {"file_path": "./train/r_60", "transform_matrix": [[-0.9992173314094543, 0.023298898711800575, -0.03196880966424942, -0.05072300508618355], [-0.039558105170726776, -0.5885181427001953, 0.8075156807899475, 1.281237006187439], [1.862645149230957e-09, 0.8081482648849487, 0.5889791250228882, 0.6500700116157532], [0.0, 0.0, 0.0, 1.0]]}, {"file_path": "./train/r_61", "transform_matrix": [[-0.9992172122001648, -0.023300299420952797, 0.031970735639333725, 0.05072605982422829], [0.03956048563122749, -0.5885180830955505, 0.8075156211853027, 1.2812368869781494], [0.0, 0.8081482648849487, 0.5889791250228882, 0.6500700116157532], [0.0, 0.0, 0.0, 1.0]]}, {"file_path": "./train/r_62", "transform_matrix": [[-0.9929488897323608, -0.06977641582489014, 0.0958324521780014, 0.1521460860967636], [0.11854370683431625, -0.5844630599021912, 0.8027142882347107, 1.2744100093841553], [3.725290742551124e-09, 0.8084145784378052, 0.5886135101318359, 0.6500700116157532], [0.0, 0.0, 0.0, 1.0]]}, {"file_path": "./train/r_63", "transform_matrix": [[-0.9804834127426147, -0.11580608785152435, 0.15887494385242462, 0.2520519495010376], [0.19660189747810364, -0.5775425434112549, 0.7923334836959839, 1.2570213079452515], [-7.450580596923828e-09, 0.808104932308197, 0.589038610458374, 0.6500700116157532], [0.0, 0.0, 0.0, 1.0]]}, {"file_path": "./train/r_64", "transform_matrix": [[-0.9619165658950806, -0.16082343459129333, 0.22102591395378113, 0.35105961561203003], [0.27334341406822205, -0.5659500360488892, 0.7778072357177734, 1.2354058027267456], [0.0, 0.8086015582084656, 0.5883567333221436, 0.6500700116157532], [0.0, 0.0, 0.0, 1.0]]}, {"file_path": "./train/r_65", "transform_matrix": [[-0.9373881816864014, -0.20510812103748322, 0.2814854085445404, 0.44667109847068787], [0.34828636050224304, -0.5520340204238892, 0.7575981616973877, 1.2021838426589966], [-1.4901161193847656e-08, 0.8082011342048645, 0.5889065861701965, 0.6500700116157532], [0.0, 0.0, 0.0, 1.0]]}, {"file_path": "./train/r_66", "transform_matrix": [[-0.9071603417396545, -0.24776603281497955, 0.3401060998439789, 0.5397734045982361], [0.420785129070282, -0.5341526865959167, 0.7332263588905334, 1.1636841297149658], [0.0, 0.8082654476165771, 0.588818371295929, 0.6500700116157532], [0.0, 0.0, 0.0, 1.0]]}, {"file_path": "./train/r_67", "transform_matrix": [[-0.8713934421539307, -0.2887416481971741, 0.39661282300949097, 0.6297233700752258], [0.4905848801136017, -0.5128726959228516, 0.7044771313667297, 1.1185359954833984], [0.0, 0.8084490299224854, 0.5885661840438843, 0.6500700116157532], [0.0, 0.0, 0.0, 1.0]]}, {"file_path": "./train/r_68", "transform_matrix": [[-0.8304795026779175, -0.3281220495700836, 0.450155109167099, 0.7141651511192322], [0.5570490956306458, -0.4891824722290039, 0.6711161136627197, 1.0647169351577759], [0.0, 0.8081067800521851, 0.5890361070632935, 0.6500700116157532], [0.0, 0.0, 0.0, 1.0]]}, {"file_path": "./train/r_69", "transform_matrix": [[-0.7847015857696533, -0.364810049533844, 0.5011558532714844, 0.7957702875137329], [0.6198738813400269, -0.46181491017341614, 0.6344157457351685, 1.0073696374893188], [0.0, 0.808480441570282, 0.5885230302810669, 0.6500700116157532], [0.0, 0.0, 0.0, 1.0]]}, {"file_path": "./train/r_70", "transform_matrix": [[0.9989290237426758, 0.02725478634238243, -0.03739066794514656, -0.05931922793388367], [-0.04626970738172531, 0.5884108543395996, -0.8072370886802673, -1.2806586027145386], [0.0, 0.808102548122406, 0.5890418291091919, 0.6500700116157532], [0.0, 0.0, 0.0, 1.0]]}, {"file_path": "./train/r_71", "transform_matrix": [[-0.7343902587890625, -0.3997398316860199, 0.5485244393348694, 0.8703469038009644], [0.6787275075912476, -0.4325226843357086, 0.5935091972351074, 0.9417244791984558], [0.0, 0.808165967464447, 0.5889548063278198, 0.6500700116157532], [0.0, 0.0, 0.0, 1.0]]}, {"file_path": "./train/r_72", "transform_matrix": [[-0.680066704750061, -0.4317794442176819, 0.5925165414810181, 0.9401776194572449], [0.7331503033638, -0.4005165100097656, 0.5496155023574829, 0.8721042275428772], [-1.4901161193847656e-08, 0.8081788420677185, 0.5889371633529663, 0.6500700116157532], [0.0, 0.0, 0.0, 1.0]]}, {"file_path": "./train/r_73", "transform_matrix": [[-0.622002363204956, -0.4608650803565979, 0.6330216526985168, 1.0050634145736694], [0.7830154299736023, -0.36609646677970886, 0.5028521418571472, 0.7983902096748352], [0.0, 0.8084409236907959, 0.5885772705078125, 0.6500700116157532], [0.0, 0.0, 0.0, 1.0]]}, {"file_path": "./train/r_74", "transform_matrix": [[-0.5607927441596985, -0.487697571516037, 0.6690759062767029, 1.0614769458770752], [0.8279563188552856, -0.3303281366825104, 0.45317962765693665, 0.7189613580703735], [0.0, 0.8081053495407104, 0.5890378952026367, 0.6500700116157532], [0.0, 0.0, 0.0, 1.0]]}, {"file_path": "./train/r_75", "transform_matrix": [[-0.49683138728141785, -0.5106627345085144, 0.7016994953155518, 1.114393711090088], [0.867847204208374, -0.29234787821769714, 0.4017139673233032, 0.6379761099815369], [0.0, 0.8085519075393677, 0.5884247422218323, 0.6500700116157532], [0.0, 0.0, 0.0, 1.0]]}, {"file_path": "./train/r_76", "transform_matrix": [[-0.430538535118103, -0.5315464735031128, 0.7294483780860901, 1.1574803590774536], [0.9025722146034241, -0.25355449318885803, 0.34795621037483215, 0.5521329641342163], [1.4901161193847656e-08, 0.8081883788108826, 0.5889240503311157, 0.6500700116157532], [0.0, 0.0, 0.0, 1.0]]}, {"file_path": "./train/r_77", "transform_matrix": [[-0.3625427186489105, -0.548683226108551, 0.7533321976661682, 1.1957595348358154], [0.9319671988487244, -0.21344219148159027, 0.2930522859096527, 0.465160071849823], [0.0, 0.8083248734474182, 0.5887366533279419, 0.6500700116157532], [0.0, 0.0, 0.0, 1.0]]}, {"file_path": "./train/r_78", "transform_matrix": [[-0.29309535026550293, -0.5628761053085327, 0.772829532623291, 1.226718544960022], [0.9560832381248474, -0.17255441844463348, 0.2369174063205719, 0.3760609030723572], [1.4901162970204496e-08, 0.8083286881446838, 0.5887313485145569, 0.6500700116157532], [0.0, 0.0, 0.0, 1.0]]}, {"file_path": "./train/r_79", "transform_matrix": [[-0.2229156792163849, -0.5741192102432251, 0.7878424525260925, 1.2501095533370972], [0.9748377799987793, -0.13128355145454407, 0.18015554547309875, 0.28586193919181824], [-7.450581485102248e-09, 0.8081780076026917, 0.5889381766319275, 0.6500700116157532], [0.0, 0.0, 0.0, 1.0]]}, {"file_path": "./train/r_80", "transform_matrix": [[0.9980370402336121, 0.03689446300268173, -0.05060471594333649, -0.08027199655771255], [-0.0626261830329895, 0.5879656076431274, -0.8064579367637634, -1.2792481184005737], [0.0, 0.8080440163612366, 0.5891220569610596, 0.6500700116157532], [0.0, 0.0, 0.0, 1.0]]}, {"file_path": "./train/r_81", "transform_matrix": [[-0.08163344860076904, -0.587119460105896, 0.8053736686706543, 1.2776074409484863], [0.996662437915802, -0.04808909073472023, 0.06596560031175613, 0.104644775390625], [0.0, 0.8080706596374512, 0.5890855193138123, 0.6500700116157532], [0.0, 0.0, 0.0, 1.0]]}, {"file_path": "./train/r_82", "transform_matrix": [[-0.011418179608881474, -0.5884885787963867, 0.8084248900413513, 1.2836648225784302], [0.9999348521232605, -0.006719906348735094, 0.009231342002749443, 0.014658071100711823], [4.656612873077393e-10, 0.8084775805473328, 0.5885270237922668, 0.6500700116157532], [0.0, 0.0, 0.0, 1.0]]}, {"file_path": "./train/r_83", "transform_matrix": [[0.057850636541843414, -0.5881227254867554, 0.8067001104354858, 1.2796599864959717], [0.9983252882957458, 0.034080348908901215, -0.046746399253606796, -0.07415332645177841], [-1.862645149230957e-09, 0.8080533742904663, 0.5891093015670776, 0.6500700116157532], [0.0, 0.0, 0.0, 1.0]]}, {"file_path": "./train/r_84", "transform_matrix": [[0.19241635501384735, -0.5780218839645386, 0.7930111289024353, 1.2581169605255127], [0.9813134074211121, 0.11333878338336945, -0.15549395978450775, -0.24669210612773895], [-7.450580596923828e-09, 0.8081119656562805, 0.5890289545059204, 0.6500700116157532], [0.0, 0.0, 0.0, 1.0]]}, {"file_path": "./train/r_85", "transform_matrix": [[0.25704583525657654, -0.568616509437561, 0.7814106941223145, 1.2410659790039062], [0.9663992524147034, 0.15124236047267914, -0.20784202218055725, -0.3301025331020355], [7.450580596923828e-09, 0.808579683303833, 0.5883867144584656, 0.6500700116157532], [0.0, 0.0, 0.0, 1.0]]}, {"file_path": "./train/r_86", "transform_matrix": [[0.31943872570991516, -0.5581192374229431, 0.7658080458641052, 1.2150651216506958], [0.9476069211959839, 0.18814224004745483, -0.2581542432308197, -0.4095990061759949], [0.0, 0.8081494569778442, 0.5889775156974792, 0.6500700116157532], [0.0, 0.0, 0.0, 1.0]]}, {"file_path": "./train/r_87", "transform_matrix": [[0.3794845640659332, -0.5444010496139526, 0.748076856136322, 1.1880654096603394], [0.9251980781555176, 0.22329466044902802, -0.30683550238609314, -0.4873037338256836], [0.0, 0.8085585832595825, 0.5884156823158264, 0.6500700116157532], [0.0, 0.0, 0.0, 1.0]]}, {"file_path": "./train/r_88", "transform_matrix": [[0.43683820962905884, -0.5298009514808655, 0.7269685864448547, 1.1534581184387207], [0.8995400667190552, 0.2572840452194214, -0.3530333638191223, -0.5601468682289124], [-1.4901159417490817e-08, 0.80815589427948, 0.5889686942100525, 0.6500700116157532], [0.0, 0.0, 0.0, 1.0]]}, {"file_path": "./train/r_89", "transform_matrix": [[0.49147433042526245, -0.5125612020492554, 0.7040838599205017, 1.1179473400115967], [0.8708920478820801, 0.28925588726997375, -0.39733871817588806, -0.6308960914611816], [1.4901161193847656e-08, 0.8084627389907837, 0.5885473489761353, 0.6500700116157532], [0.0, 0.0, 0.0, 1.0]]}, {"file_path": "./train/r_90", "transform_matrix": [[0.9966886639595032, 0.04790055751800537, -0.06570667773485184, -0.10423371195793152], [-0.08131317049264908, 0.5871366262435913, -0.8053935170173645, -1.277635097503662], [0.0, 0.8080693483352661, 0.5890873074531555, 0.6500700116157532], [0.0, 0.0, 0.0, 1.0]]}, {"file_path": "./train/r_91", "transform_matrix": [[0.5430887341499329, -0.4945361614227295, 0.678593099117279, 1.0767159461975098], [0.8396753072738647, 0.319858193397522, -0.4389033317565918, -0.6964029669761658], [0.0, 0.8081612586975098, 0.5889611840248108, 0.6500700116157532], [0.0, 0.0, 0.0, 1.0]]}, {"file_path": "./train/r_92", "transform_matrix": [[0.59175705909729, -0.4745960235595703, 0.6515997052192688, 1.0342676639556885], [0.8061163425445557, 0.3483933210372925, -0.4783289134502411, -0.7592393159866333], [1.4901161193847656e-08, 0.8083197474479675, 0.5887437462806702, 0.6500700116157532], [0.0, 0.0, 0.0, 1.0]]}, {"file_path": "./train/r_93", "transform_matrix": [[0.6372117400169373, -0.453846275806427, 0.622884213924408, 0.9884529113769531], [0.7706887722015381, 0.37524381279945374, -0.5150057077407837, -0.8172608017921448], [-2.9802322387695312e-08, 0.8082175850868225, 0.5888839960098267, 0.6500700116157532], [0.0, 0.0, 0.0, 1.0]]}, {"file_path": "./train/r_94", "transform_matrix": [[0.6796121001243591, -0.43203216791152954, 0.5928537845611572, 0.9407029747962952], [0.7335716485977173, 0.400253027677536, -0.5492450594902039, -0.8715074062347412], [1.4901161193847656e-08, 0.8081743717193604, 0.5889433026313782, 0.6500700116157532], [0.0, 0.0, 0.0, 1.0]]}, {"file_path": "./train/r_95", "transform_matrix": [[0.7187621593475342, -0.4092576503753662, 0.5620402097702026, 0.892264723777771], [0.6952560544013977, 0.42309436202049255, -0.5810423493385315, -0.9224315285682678], [-1.4901159417490817e-08, 0.808393120765686, 0.5886430740356445, 0.6500700116157532], [0.0, 0.0, 0.0, 1.0]]}, {"file_path": "./train/r_96", "transform_matrix": [[0.7548342943191528, -0.3863736093044281, 0.5300383567810059, 0.8408647775650024], [0.6559155583381653, 0.44464266300201416, -0.6099734902381897, -0.9676756858825684], [0.0, 0.8080893158912659, 0.5890600085258484, 0.6500700116157532], [0.0, 0.0, 0.0, 1.0]]}, {"file_path": "./train/r_97", "transform_matrix": [[0.8176841735839844, -0.3390486240386963, 0.46522966027259827, 0.738167941570282], [0.5756670832633972, 0.48158854246139526, -0.6608175039291382, -1.0485020875930786], [0.0, 0.8081575036048889, 0.5889664888381958, 0.6500700116157532], [0.0, 0.0, 0.0, 1.0]]}, {"file_path": "./train/r_98", "transform_matrix": [[0.844701886177063, -0.3151865303516388, 0.4325924515724182, 0.6864926218986511], [0.5352371335029602, 0.49742186069488525, -0.6827098727226257, -1.0834107398986816], [1.4901161193847656e-08, 0.8082258105278015, 0.5888727307319641, 0.6500700116157532], [0.0, 0.0, 0.0, 1.0]]}, {"file_path": "./train/r_99", "transform_matrix": [[0.8688349723815918, -0.2913506329059601, 0.4003007411956787, 0.6356871724128723], [0.4951018691062927, 0.511279821395874, -0.7024720907211304, -1.1155425310134888], [0.0, 0.8085220456123352, 0.5884659290313721, 0.6500700116157532], [0.0, 0.0, 0.0, 1.0]]}]}