{"camera_angle_x": 1.2743874788284302, "frames": [{"file_path": "./train/r_0", "transform_matrix": [[0.9947581887245178, 0.03890596330165863, -0.0945645421743393, -0.1329980194568634], [-0.10225522518157959, 0.3784845769405365, -0.9199418425559998, -1.2938299179077148], [-3.725290298461914e-09, 0.9247896075248718, 0.3804789185523987, 0.2506874203681946], [0.0, 0.0, 0.0, 1.0]]}, {"file_path": "./train/r_1", "transform_matrix": [[0.8903102874755859, -0.1732926070690155, 0.42109063267707825, 0.592096745967865], [0.4553545117378235, 0.3388221263885498, -0.8233174681663513, -1.1576690673828125], [0.0, 0.9247536659240723, 0.3805662989616394, 0.2506874203681946], [0.0, 0.0, 0.0, 1.0]]}, {"file_path": "./train/r_2", "transform_matrix": [[0.9092472195625305, -0.15833008289337158, 0.38496899604797363, 0.5415905117988586], [0.4162566661834717, 0.34584715962409973, -0.8409042358398438, -1.1830192804336548], [0.0, 0.9248359203338623, 0.38036638498306274, 0.2506874203681946], [0.0, 0.0, 0.0, 1.0]]}, {"file_path": "./train/r_3", "transform_matrix": [[0.9257439970970154, -0.1437373161315918, 0.3497682213783264, 0.49240630865097046], [0.3781511187553406, 0.35188037157058716, -0.856260359287262, -1.2054498195648193], [0.0, 0.9249430894851685, 0.38010546565055847, 0.2506874203681946], [0.0, 0.0, 0.0, 1.0]]}, {"file_path": "./train/r_4", "transform_matrix": [[0.9400357604026794, -0.12979276478290558, 0.31541523337364197, 0.44353818893432617], [0.34107619524002075, 0.35772016644477844, -0.8693118691444397, -1.2224299907684326], [7.450581485102248e-09, 0.92476487159729, 0.3805388808250427, 0.2506874203681946], [0.0, 0.0, 0.0, 1.0]]}, {"file_path": "./train/r_5", "transform_matrix": [[0.9522773623466492, -0.11613352596759796, 0.282277911901474, 0.3970084488391876], [0.30523407459259033, 0.3623164892196655, -0.8806580901145935, -1.2385975122451782], [-1.4901161193847656e-08, 0.9247917532920837, 0.38047361373901367, 0.2506874203681946], [0.0, 0.0, 0.0, 1.0]]}, {"file_path": "./train/r_6", "transform_matrix": [[0.9626103043556213, -0.10293330252170563, 0.25057193636894226, 0.3528722822666168], [0.27089035511016846, 0.3657740354537964, -0.8904086351394653, -1.2539334297180176], [-7.450581485102248e-09, 0.9249940514564514, 0.3799813687801361, 0.2506874203681946], [0.0, 0.0, 0.0, 1.0]]}, {"file_path": "./train/r_7", "transform_matrix": [[0.9712240099906921, -0.09059038013219833, 0.22026628255844116, 0.3098819851875305], [0.23816771805286407, 0.3694184422492981, -0.8982237577438354, -1.2636675834655762], [7.450580596923828e-09, 0.9248369336128235, 0.38036373257637024, 0.2506874203681946], [0.0, 0.0, 0.0, 1.0]]}, {"file_path": "./train/r_8", "transform_matrix": [[0.9783235192298889, -0.07881592214107513, 0.19149741530418396, 0.26924028992652893], [0.20708264410495758, 0.37235119938850403, -0.9046940207481384, -1.2719757556915283], [0.0, 0.9247391819953918, 0.38060131669044495, 0.2506874203681946], [0.0, 0.0, 0.0, 1.0]]}, {"file_path": "./train/r_9", "transform_matrix": [[0.9840624332427979, -0.06766604632139206, 0.16444581747055054, 0.23125340044498444], [0.17782330513000488, 0.374459445476532, -0.9100322723388672, -1.2797410488128662], [-3.725290298461914e-09, 0.9247710108757019, 0.38052403926849365, 0.2506874203681946], [0.0, 0.0, 0.0, 1.0]]}, {"file_path": "./train/r_10", "transform_matrix": [[0.9886033535003662, -0.05723597854375839, 0.1392393857240677, 0.19597674906253815], [0.15054424107074738, 0.3758608102798462, -0.9143658876419067, -1.2869523763656616], [0.0, 0.9249069094657898, 0.3801937401294708, 0.2506874203681946], [0.0, 0.0, 0.0, 1.0]]}, {"file_path": "./train/r_11", "transform_matrix": [[0.9921114444732666, 0.047652170062065125, -0.11594938486814499, -0.16322636604309082], [-0.1253594607114792, 0.37712562084198, -0.9176388382911682, -1.2917951345443726], [3.725290742551124e-09, 0.9249353408813477, 0.3801242411136627, 0.2506874203681946], [0.0, 0.0, 0.0, 1.0]]}, {"file_path": "./train/r_12", "transform_matrix": [[0.9921115636825562, -0.04765195772051811, 0.11594883352518082, 0.16322556138038635], [0.12535887956619263, 0.37712574005126953, -0.917638897895813, -1.291795015335083], [3.725290742551124e-09, 0.9249354004859924, 0.3801243007183075, 0.2506874203681946], [0.0, 0.0, 0.0, 1.0]]}, {"file_path": "./train/r_13", "transform_matrix": [[0.9980370998382568, -0.023840174078941345, 0.05791040509939194, 0.0814042016863823], [0.06262563169002533, 0.3799303472042084, -0.9228925704956055, -1.2973028421401978], [-1.862645149230957e-09, 0.9247078895568848, 0.3806774914264679, 0.2506874203681946], [0.0, 0.0, 0.0, 1.0]]}, {"file_path": "./train/r_14", "transform_matrix": [[0.998928964138031, -0.017610877752304077, 0.04278770089149475, 0.060157060623168945], [0.04627019166946411, 0.38020190596580505, -0.9237452745437622, -1.298733115196228], [0.0, 0.9247357845306396, 0.38060957193374634, 0.2506874203681946], [0.0, 0.0, 0.0, 1.0]]}, {"file_path": "./train/r_15", "transform_matrix": [[0.9994781017303467, -0.012291696853935719, 0.029875770211219788, 0.04201764985918999], [0.03230553865432739, 0.38028407096862793, -0.9243052005767822, -1.2999541759490967], [-9.31322685637781e-10, 0.9247880578041077, 0.38048258423805237, 0.2506874203681946], [0.0, 0.0, 0.0, 1.0]]}, {"file_path": "./train/r_16", "transform_matrix": [[0.999783992767334, -0.00790509395301342, 0.019222859293222427, 0.02704610675573349], [0.02078482322394848, 0.38024792075157166, -0.9246509075164795, -1.3009618520736694], [0.0, 0.9248507618904114, 0.38033005595207214, 0.2506874203681946], [0.0, 0.0, 0.0, 1.0]]}, {"file_path": "./train/r_17", "transform_matrix": [[0.9999862909317017, -0.0019961586222052574, 0.00485816178843379, 0.006840247195214033], [0.00525227515026927, 0.38005080819129944, -0.9249505996704102, -1.3023220300674438], [-1.1641532182693481e-10, 0.9249635338783264, 0.3800559639930725, 0.2506874203681946], [0.0, 0.0, 0.0, 1.0]]}, {"file_path": "./train/r_18", "transform_matrix": [[0.9999992251396179, -0.0005013362388126552, 0.00122043676674366, 0.001718734041787684], [0.001319395494647324, 0.3799738883972168, -0.9249961376190186, -1.3026667833328247], [0.0, 0.924997091293335, 0.3799740970134735, 0.2506874203681946], [0.0, 0.0, 0.0, 1.0]]}, {"file_path": "./train/r_19", "transform_matrix": [[0.9886031150817871, 0.05723639577627182, -0.13924041390419006, -0.19597820937633514], [-0.15054535865783691, 0.37586072087287903, -0.9143657088279724, -1.286952257156372], [3.725290298461914e-09, 0.9249069094657898, 0.38019371032714844, 0.2506874203681946], [0.0, 0.0, 0.0, 1.0]]}, {"file_path": "./train/r_20", "transform_matrix": [[1.0, 0.0, 0.0, 0.0], [0.0, 0.3799456059932709, -0.9250087738037109, -1.3027825355529785], [0.0, 0.9250088930130005, 0.3799455165863037, 0.2506874203681946], [0.0, 0.0, 0.0, 1.0]]}, {"file_path": "./train/r_21", "transform_matrix": [[0.9840623736381531, 0.06766632944345474, -0.16444647312164307, -0.23125432431697845], [-0.1778240203857422, 0.37445950508117676, -0.9100321531295776, -1.2797409296035767], [7.450580596923828e-09, 0.9247710704803467, 0.38052403926849365, 0.2506874203681946], [0.0, 0.0, 0.0, 1.0]]}, {"file_path": "./train/r_22", "transform_matrix": [[0.9783233404159546, 0.0788162425160408, -0.19149819016456604, -0.2692413926124573], [-0.20708349347114563, 0.37235113978385925, -0.9046938419342041, -1.2719756364822388], [0.0, 0.9247392416000366, 0.38060128688812256, 0.2506874203681946], [0.0, 0.0, 0.0, 1.0]]}, {"file_path": "./train/r_23", "transform_matrix": [[0.9712240099906921, 0.0905904769897461, -0.22026658058166504, -0.30988243222236633], [-0.23816803097724915, 0.3694183826446533, -0.8982237577438354, -1.2636677026748657], [0.0, 0.9248369932174683, 0.38036370277404785, 0.2506874203681946], [0.0, 0.0, 0.0, 1.0]]}, {"file_path": "./train/r_24", "transform_matrix": [[0.9626098275184631, 0.1029338613152504, -0.2505733072757721, -0.352874219417572], [-0.27089184522628784, 0.36577385663986206, -0.8904082179069519, -1.2539329528808594], [7.450581485102248e-09, 0.9249941110610962, 0.3799813389778137, 0.2506874203681946], [0.0, 0.0, 0.0, 1.0]]}, {"file_path": "./train/r_25", "transform_matrix": [[0.9522769451141357, 0.11613398045301437, -0.28227901458740234, -0.39701002836227417], [-0.30523523688316345, 0.3623163104057312, -0.8806577920913696, -1.2385971546173096], [-7.4505797087454084e-09, 0.9247918128967285, 0.3804735839366913, 0.2506874203681946], [0.0, 0.0, 0.0, 1.0]]}, {"file_path": "./train/r_26", "transform_matrix": [[0.940035343170166, 0.12979315221309662, -0.3154161870479584, -0.4435395896434784], [-0.34107720851898193, 0.3577200174331665, -0.869311511516571, -1.222429633140564], [-7.450581485102248e-09, 0.9247649312019348, 0.38053882122039795, 0.2506874203681946], [0.0, 0.0, 0.0, 1.0]]}, {"file_path": "./train/r_27", "transform_matrix": [[0.9257435202598572, 0.14373765885829926, -0.3497692048549652, -0.49240776896476746], [-0.37815213203430176, 0.35188010334968567, -0.8562600016593933, -1.2054494619369507], [7.450580596923828e-09, 0.9249431490898132, 0.3801054060459137, 0.2506874203681946], [0.0, 0.0, 0.0, 1.0]]}, {"file_path": "./train/r_28", "transform_matrix": [[0.9999992251396179, 0.000501544214785099, -0.0012209431733936071, -0.0017194472020491958], [-0.0013199429959058762, 0.3799738883972168, -0.9249961376190186, -1.3026667833328247], [5.820766785236131e-11, 0.924997091293335, 0.3799740970134735, 0.2506874203681946], [0.0, 0.0, 0.0, 1.0]]}, {"file_path": "./train/r_29", "transform_matrix": [[0.9092468619346619, 0.15833038091659546, -0.3849697411060333, -0.5415915846824646], [-0.41625750064849854, 0.3458469808101654, -0.8409038782119751, -1.1830188035964966], [-1.4901162970204496e-08, 0.9248358607292175, 0.38036638498306274, 0.2506874203681946], [0.0, 0.0, 0.0, 1.0]]}, {"file_path": "./train/r_30", "transform_matrix": [[0.8447006940841675, 0.20364058017730713, -0.4949861466884613, -0.696183979511261], [-0.5352391004562378, 0.3213803470134735, -0.7811744809150696, -1.0986998081207275], [-1.4901162970204496e-08, 0.9247946739196777, 0.380466490983963, 0.2506874203681946], [0.0, 0.0, 0.0, 1.0]]}, {"file_path": "./train/r_31", "transform_matrix": [[0.8176838755607605, 0.21906787157058716, -0.5323553681373596, -0.7485865950584412], [-0.5756675004959106, 0.3111662268638611, -0.7561629414558411, -1.0633000135421753], [-1.4901161193847656e-08, 0.9247620105743408, 0.38054585456848145, 0.2506874203681946], [0.0, 0.0, 0.0, 1.0]]}, {"file_path": "./train/r_32", "transform_matrix": [[0.7877854704856873, 0.23411038517951965, -0.5697247982025146, -0.8021159172058105], [-0.6159497499465942, 0.2994217872619629, -0.7286648750305176, -1.0258877277374268], [0.0, 0.9249534010887146, 0.38008031249046326, 0.2506874203681946], [0.0, 0.0, 0.0, 1.0]]}, {"file_path": "./train/r_33", "transform_matrix": [[0.7548337578773499, 0.24965812265872955, -0.6065449118614197, -0.8527331352233887], [-0.655916154384613, 0.28730863332748413, -0.6980169415473938, -0.9813324213027954], [0.0, 0.9247295260429382, 0.380624920129776, 0.2506874203681946], [0.0, 0.0, 0.0, 1.0]]}, {"file_path": "./train/r_34", "transform_matrix": [[0.7187613844871521, 0.264386922121048, -0.6430253386497498, -0.9048589468002319], [-0.6952568888664246, 0.27332502603530884, -0.6647640466690063, -0.9354494214057922], [0.0, 0.9248745441436768, 0.3802722096443176, 0.2506874203681946], [0.0, 0.0, 0.0, 1.0]]}, {"file_path": "./train/r_35", "transform_matrix": [[0.6796119213104248, 0.27914339303970337, -0.6783852577209473, -0.9539798498153687], [-0.7335718274116516, 0.25861021876335144, -0.6284847259521484, -0.8838071823120117], [0.0, 0.9247700572013855, 0.38052624464035034, 0.2506874203681946], [0.0, 0.0, 0.0, 1.0]]}, {"file_path": "./train/r_36", "transform_matrix": [[0.6372117400169373, 0.2932286560535431, -0.7127258777618408, -1.0024033784866333], [-0.7706888318061829, 0.24244378507137299, -0.5892874598503113, -0.8287951350212097], [0.0, 0.9247907400131226, 0.38047608733177185, 0.2506874203681946], [0.0, 0.0, 0.0, 1.0]]}, {"file_path": "./train/r_37", "transform_matrix": [[0.9999862313270569, 0.001995805650949478, -0.004857303109019995, -0.006839039735496044], [-0.005251346621662378, 0.3800507187843323, -0.9249505996704102, -1.302322268486023], [-1.1641532182693481e-10, 0.9249635338783264, 0.38005590438842773, 0.2506874203681946], [0.0, 0.0, 0.0, 1.0]]}, {"file_path": "./train/r_38", "transform_matrix": [[0.5917560458183289, 0.3066127300262451, -0.7455289363861084, -1.048865795135498], [-0.8061172366142273, 0.22507886588573456, -0.5472792983055115, -0.7699534296989441], [1.4901162970204496e-08, 0.9248394966125488, 0.3803574740886688, 0.2506874203681946], [0.0, 0.0, 0.0, 1.0]]}, {"file_path": "./train/r_39", "transform_matrix": [[0.543088436126709, 0.31953126192092896, -0.776501476764679, -1.0919126272201538], [-0.8396754860877991, 0.20666761696338654, -0.5022284984588623, -0.7062312364578247], [0.0, 0.9247639179229736, 0.3805413246154785, 0.2506874203681946], [0.0, 0.0, 0.0, 1.0]]}, {"file_path": "./train/r_40", "transform_matrix": [[0.4914737939834595, 0.3311057686805725, -0.8054950833320618, -1.133725881576538], [-0.8708924055099487, 0.18685409426689148, -0.45456790924072266, -0.6397995352745056], [0.0, 0.9249078035354614, 0.3801913559436798, 0.2506874203681946], [0.0, 0.0, 0.0, 1.0]]}, {"file_path": "./train/r_41", "transform_matrix": [[0.37948429584503174, 0.3516494333744049, -0.8557652831077576, -1.2048332691192627], [-0.9251981973648071, 0.14423443377017975, -0.35100534558296204, -0.49418094754219055], [0.0, 0.9249535799026489, 0.38008007407188416, 0.2506874203681946], [0.0, 0.0, 0.0, 1.0]]}, {"file_path": "./train/r_42", "transform_matrix": [[0.3194376230239868, 0.36061686277389526, -0.8763075470924377, -1.2322145700454712], [-0.9476073980331421, 0.1215636357665062, -0.29540252685546875, -0.4153784513473511], [7.450580596923828e-09, 0.92475825548172, 0.3805551528930664, 0.2506874203681946], [0.0, 0.0, 0.0, 1.0]]}, {"file_path": "./train/r_43", "transform_matrix": [[0.2570449709892273, 0.3672856390476227, -0.8938841819763184, -1.2585818767547607], [-0.9663995504379272, 0.09769140183925629, -0.23775719106197357, -0.33476024866104126], [0.0, 0.9249635934829712, 0.38005566596984863, 0.2506874203681946], [0.0, 0.0, 0.0, 1.0]]}, {"file_path": "./train/r_44", "transform_matrix": [[0.19241556525230408, 0.37348663806915283, -0.90746009349823, -1.2758735418319702], [-0.9813136458396912, 0.07323310524225235, -0.17793439328670502, -0.2501727342605591], [7.450581485102248e-09, 0.9247402548789978, 0.38059869408607483, 0.2506874203681946], [0.0, 0.0, 0.0, 1.0]]}, {"file_path": "./train/r_45", "transform_matrix": [[0.12596018612384796, 0.37708523869514465, -0.9175731539726257, -1.291741967201233], [-0.9920353889465332, 0.04787907004356384, -0.11650562286376953, -0.16401439905166626], [-3.725290742551124e-09, 0.9249401092529297, 0.3801126480102539, 0.2506874203681946], [0.0, 0.0, 0.0, 1.0]]}, {"file_path": "./train/r_46", "transform_matrix": [[0.05784997344017029, 0.38002923130989075, -0.9231635928153992, -1.2977205514907837], [-0.9983253479003906, 0.02202155813574791, -0.05349457263946533, -0.07519903033971786], [0.0, 0.9247123003005981, 0.38066670298576355, 0.2506874203681946], [0.0, 0.0, 0.0, 1.0]]}, {"file_path": "./train/r_47", "transform_matrix": [[0.9999309778213501, 0.00446828780695796, -0.01087056752294302, -0.015300656668841839], [-0.011753078550100327, 0.38015398383140564, -0.9248484373092651, -1.3017525672912598], [0.0, 0.9249123930931091, 0.3801802396774292, 0.2506874203681946], [0.0, 0.0, 0.0, 1.0]]}, {"file_path": "./train/r_48", "transform_matrix": [[-0.011419018730521202, 0.3801494538784027, -0.9248544573783875, -1.3017818927764893], [-0.9999347925186157, -0.004341216757893562, 0.010561619885265827, 0.014866041950881481], [4.656612873077393e-10, 0.9249148964881897, 0.3801741302013397, 0.2506874203681946], [0.0, 0.0, 0.0, 1.0]]}, {"file_path": "./train/r_49", "transform_matrix": [[-0.08163423091173172, 0.3793761730194092, -0.9216340780258179, -1.2956390380859375], [-0.9966623783111572, -0.0310737956315279, 0.0754888504743576, 0.1061227023601532], [1.862645149230957e-09, 0.9247205853462219, 0.38064655661582947, 0.2506874203681946], [0.0, 0.0, 0.0, 1.0]]}, {"file_path": "./train/r_50", "transform_matrix": [[-0.15220323204994202, 0.37579092383384705, -0.9141198992729187, -1.2865145206451416], [-0.9883493185043335, -0.05787082761526108, 0.14077210426330566, 0.1981199085712433], [3.725290742551124e-09, 0.924895703792572, 0.38022080063819885, 0.2506874203681946], [0.0, 0.0, 0.0, 1.0]]}, {"file_path": "./train/r_51", "transform_matrix": [[-0.29309654235839844, 0.3636432886123657, -0.8842272162437439, -1.244031548500061], [-0.9560829401016235, -0.11147838830947876, 0.2710684537887573, 0.381369948387146], [-7.450581485102248e-09, 0.9248438477516174, 0.3803469240665436, 0.2506874203681946], [0.0, 0.0, 0.0, 1.0]]}, {"file_path": "./train/r_52", "transform_matrix": [[-0.36254534125328064, 0.35447463393211365, -0.8619213700294495, -1.212634801864624], [-0.931966245174408, -0.1378946155309677, 0.3352971076965332, 0.4717285633087158], [0.0, 0.9248420000076294, 0.3803514242172241, 0.2506874203681946], [0.0, 0.0, 0.0, 1.0]]}, {"file_path": "./train/r_53", "transform_matrix": [[-0.4305403232574463, 0.3434373736381531, -0.83467698097229, -1.1738154888153076], [-0.902571439743042, -0.16382485628128052, 0.3981536328792572, 0.5599278807640076], [0.0, 0.9247767925262451, 0.3805099427700043, 0.2506874203681946], [0.0, 0.0, 0.0, 1.0]]}, {"file_path": "./train/r_54", "transform_matrix": [[-0.496832937002182, 0.3298576772212982, -0.8027146458625793, -1.1301207542419434], [-0.8678462505340576, -0.1888400912284851, 0.4595457911491394, 0.6469823718070984], [0.0, 0.9249504804611206, 0.38008764386177063, 0.2506874203681946], [0.0, 0.0, 0.0, 1.0]]}, {"file_path": "./train/r_55", "transform_matrix": [[-0.5607942342758179, 0.3151249885559082, -0.7656408548355103, -1.076456904411316], [-0.8279553055763245, -0.21344181895256042, 0.5185871720314026, 0.7291104197502136], [0.0, 0.9247371554374695, 0.38060620427131653, 0.2506874203681946], [0.0, 0.0, 0.0, 1.0]]}, {"file_path": "./train/r_56", "transform_matrix": [[0.999783992767334, 0.007905115373432636, -0.019222909584641457, -0.02704617567360401], [-0.020784877240657806, 0.38024792075157166, -0.9246509075164795, -1.3009618520736694], [-9.313225746154785e-10, 0.9248507618904114, 0.38033005595207214, 0.2506874203681946], [0.0, 0.0, 0.0, 1.0]]}, {"file_path": "./train/r_57", "transform_matrix": [[-0.6800679564476013, 0.2789786458015442, -0.6779959201812744, -0.9534453749656677], [-0.7331491708755493, -0.2587801516056061, 0.6289079189300537, 0.8844144344329834], [-1.4901161193847656e-08, 0.924772322177887, 0.3805209994316101, 0.2506874203681946], [0.0, 0.0, 0.0, 1.0]]}, {"file_path": "./train/r_58", "transform_matrix": [[-0.7343915700912476, 0.2582797408103943, -0.627662718296051, -0.8826286792755127], [-0.6787260174751282, -0.27946245670318604, 0.6791403293609619, 0.9550173282623291], [1.4901161193847656e-08, 0.9247661232948303, 0.38053593039512634, 0.2506874203681946], [0.0, 0.0, 0.0, 1.0]]}, {"file_path": "./train/r_59", "transform_matrix": [[-0.7847023606300354, 0.23565752804279327, -0.5733303427696228, -0.8069999814033508], [-0.6198727488517761, -0.2983209490776062, 0.7257839441299438, 1.0215884447097778], [0.0, 0.9249162673950195, 0.3801708221435547, 0.2506874203681946], [0.0, 0.0, 0.0, 1.0]]}, {"file_path": "./train/r_60", "transform_matrix": [[-0.8304805159568787, 0.2120150625705719, -0.5151230692863464, -0.7242428660392761], [-0.5570477843284607, -0.3160848915576935, 0.7679765820503235, 1.0797450542449951], [0.0, 0.924737811088562, 0.38060474395751953, 0.2506874203681946], [0.0, 0.0, 0.0, 1.0]]}, {"file_path": "./train/r_61", "transform_matrix": [[-0.8713942766189575, 0.1865234225988388, -0.45374107360839844, -0.6386088728904724], [-0.49058330059051514, -0.33131060004234314, 0.8059536218643188, 1.1343234777450562], [0.0, 0.9249012470245361, 0.3802073895931244, 0.2506874203681946], [0.0, 0.0, 0.0, 1.0]]}, {"file_path": "./train/r_62", "transform_matrix": [[-0.9071611762046814, 0.1600746363401413, -0.3891460597515106, -0.5473890900611877], [-0.42078331112861633, -0.34510278701782227, 0.8389548659324646, 1.180108904838562], [1.4901161193847656e-08, 0.9248136281967163, 0.3804205060005188, 0.2506874203681946], [0.0, 0.0, 0.0, 1.0]]}, {"file_path": "./train/r_63", "transform_matrix": [[-0.9373887777328491, 0.13252069056034088, -0.322087824344635, -0.45297321677207947], [-0.34828484058380127, -0.35667189955711365, 0.8668810129165649, 1.2191516160964966], [-7.450580596923828e-09, 0.9247828722000122, 0.38049519062042236, 0.2506874203681946], [0.0, 0.0, 0.0, 1.0]]}, {"file_path": "./train/r_64", "transform_matrix": [[-0.980483889579773, 0.07482725381851196, -0.18180309236049652, -0.2556065618991852], [-0.1965998411178589, -0.3731789290904999, 0.906689465045929, 1.2747626304626465], [0.0, 0.9247368574142456, 0.38060688972473145, 0.2506874203681946], [0.0, 0.0, 0.0, 1.0]]}, {"file_path": "./train/r_65", "transform_matrix": [[-0.9929490685462952, 0.045075319707393646, -0.10963774472475052, -0.15429124236106873], [-0.11854207515716553, -0.3775663375854492, 0.9183633923530579, 1.2923964262008667], [3.725290298461914e-09, 0.9248847961425781, 0.3802473843097687, 0.2506874203681946], [0.0, 0.0, 0.0, 1.0]]}, {"file_path": "./train/r_66", "transform_matrix": [[0.9994781017303467, 0.012291645631194115, -0.02987564355134964, -0.04201747104525566], [-0.03230540454387665, 0.38028407096862793, -0.9243052005767822, -1.2999541759490967], [-9.31322685637781e-10, 0.9247880578041077, 0.38048258423805237, 0.2506874203681946], [0.0, 0.0, 0.0, 1.0]]}, {"file_path": "./train/r_67", "transform_matrix": [[-0.9992173314094543, 0.015054094605147839, -0.036581650376319885, -0.05143888667225838], [-0.03955810144543648, -0.380258709192276, 0.9240336418151855, 1.299319863319397], [-9.31322685637781e-10, 0.9247575998306274, 0.38055646419525146, 0.2506874203681946], [0.0, 0.0, 0.0, 1.0]]}, {"file_path": "./train/r_68", "transform_matrix": [[-0.9992172718048096, -0.01505500078201294, 0.036583852022886276, 0.0514419861137867], [0.039560478180646896, -0.3802586495876312, 0.9240335822105408, 1.2993197441101074], [-9.31322685637781e-10, 0.9247575998306274, 0.38055646419525146, 0.2506874203681946], [0.0, 0.0, 0.0, 1.0]]}, {"file_path": "./train/r_69", "transform_matrix": [[-0.9929488301277161, -0.045075930655002594, 0.10963926464319229, 0.15429341793060303], [0.11854371428489685, -0.3775661587715149, 0.9183631539344788, 1.2923964262008667], [3.725290742551124e-09, 0.9248847365379333, 0.3802472949028015, 0.2506874203681946], [0.0, 0.0, 0.0, 1.0]]}, {"file_path": "./train/r_70", "transform_matrix": [[-0.9804834723472595, -0.07482802867889404, 0.18180502951145172, 0.25560930371284485], [0.19660189747810364, -0.37317872047424316, 0.9066891670227051, 1.2747622728347778], [7.450580596923828e-09, 0.9247369170188904, 0.38060685992240906, 0.2506874203681946], [0.0, 0.0, 0.0, 1.0]]}, {"file_path": "./train/r_71", "transform_matrix": [[-0.9619166254997253, -0.10387874394655228, 0.2528355121612549, 0.35601431131362915], [0.27334341406822205, -0.36555731296539307, 0.889747679233551, 1.252841830253601], [0.0, 0.9249740242958069, 0.3800301253795624, 0.2506874203681946], [0.0, 0.0, 0.0, 1.0]]}, {"file_path": "./train/r_72", "transform_matrix": [[-0.9373881816864014, -0.13252127170562744, 0.32208922505378723, 0.45297524333000183], [0.34828633069992065, -0.3566717207431793, 0.866880476474762, 1.2191510200500488], [7.450580596923828e-09, 0.9247828722000122, 0.3804951310157776, 0.2506874203681946], [0.0, 0.0, 0.0, 1.0]]}, {"file_path": "./train/r_73", "transform_matrix": [[-0.9071604013442993, -0.1600753515958786, 0.3891477584838867, 0.5473915338516235], [0.42078521847724915, -0.345102459192276, 0.8389540314674377, 1.180107831954956], [-1.4901162970204496e-08, 0.9248136281967163, 0.3804204761981964, 0.2506874203681946], [0.0, 0.0, 0.0, 1.0]]}, {"file_path": "./train/r_74", "transform_matrix": [[-0.8713933825492859, -0.18652400374412537, 0.45374250411987305, 0.6386110186576843], [0.4905848503112793, -0.3313102424144745, 0.805952787399292, 1.1343225240707397], [0.0, 0.9249013066291809, 0.3802073299884796, 0.2506874203681946], [0.0, 0.0, 0.0, 1.0]]}, {"file_path": "./train/r_75", "transform_matrix": [[-0.830479621887207, -0.2120155394077301, 0.5151242613792419, 0.7242445945739746], [0.557049036026001, -0.31608450412750244, 0.7679757475852966, 1.0797439813613892], [0.0, 0.924737811088562, 0.38060471415519714, 0.2506874203681946], [0.0, 0.0, 0.0, 1.0]]}, {"file_path": "./train/r_76", "transform_matrix": [[-0.7847014665603638, -0.23565801978111267, 0.5733314156532288, 0.8070014715194702], [0.6198739409446716, -0.29832062125205994, 0.7257830500602722, 1.0215871334075928], [-1.4901162970204496e-08, 0.9249162077903748, 0.3801708221435547, 0.2506874203681946], [0.0, 0.0, 0.0, 1.0]]}, {"file_path": "./train/r_77", "transform_matrix": [[0.9989290833473206, 0.017610695213079453, -0.042787253856658936, -0.060156434774398804], [-0.04626971110701561, 0.38020196557044983, -0.923745334148407, -1.2987332344055176], [0.0, 0.9247357845306396, 0.38060957193374634, 0.2506874203681946], [0.0, 0.0, 0.0, 1.0]]}, {"file_path": "./train/r_78", "transform_matrix": [[-0.7343902587890625, -0.25828027725219727, 0.6276640295982361, 0.8826305866241455], [0.6787274479866028, -0.27946197986602783, 0.6791391372680664, 0.9550155997276306], [-1.4901161193847656e-08, 0.9247661232948303, 0.38053593039512634, 0.2506874203681946], [0.0, 0.0, 0.0, 1.0]]}, {"file_path": "./train/r_79", "transform_matrix": [[-0.622002363204956, -0.29771554470062256, 0.7242087721824646, 1.0192484855651855], [0.7830154895782471, -0.236495703458786, 0.5752882361412048, 0.8096583485603333], [1.4901162970204496e-08, 0.9248974919319153, 0.3802166283130646, 0.2506874203681946], [0.0, 0.0, 0.0, 1.0]]}, {"file_path": "./train/r_80", "transform_matrix": [[-0.4305385947227478, -0.34343770146369934, 0.8346777558326721, 1.1738165616989136], [0.9025722742080688, -0.163824200630188, 0.3981519937515259, 0.5599255561828613], [0.0, 0.9247767925262451, 0.3805099427700043, 0.2506874203681946], [0.0, 0.0, 0.0, 1.0]]}, {"file_path": "./train/r_81", "transform_matrix": [[-0.3625427484512329, -0.35447511076927185, 0.8619222044944763, 1.21263587474823], [0.9319671392440796, -0.1378936916589737, 0.3352947235107422, 0.47172513604164124], [7.450580596923828e-09, 0.9248420596122742, 0.3803514540195465, 0.2506874203681946], [0.0, 0.0, 0.0, 1.0]]}, {"file_path": "./train/r_82", "transform_matrix": [[-0.22291569411754608, -0.37094712257385254, 0.9015024304389954, 1.2677531242370605], [0.9748378396034241, -0.08482430130243301, 0.20614612102508545, 0.28989648818969727], [0.0, 0.9247718453407288, 0.38052186369895935, 0.2506874203681946], [0.0, 0.0, 0.0, 1.0]]}, {"file_path": "./train/r_83", "transform_matrix": [[0.9980370998382568, 0.02384038269519806, -0.05791091546416283, -0.0814049169421196], [-0.0626261830329895, 0.379930317401886, -0.9228925704956055, -1.2973028421401978], [1.862645149230957e-09, 0.9247078895568848, 0.3806774914264679, 0.2506874203681946], [0.0, 0.0, 0.0, 1.0]]}, {"file_path": "./train/r_84", "transform_matrix": [[0.05785064026713371, -0.38002923130989075, 0.9231635332107544, 1.2977205514907837], [0.9983253479003906, 0.022021811455488205, -0.05349518358707428, -0.07519989460706711], [0.0, 0.9247123003005981, 0.38066667318344116, 0.2506874203681946], [0.0, 0.0, 0.0, 1.0]]}, {"file_path": "./train/r_85", "transform_matrix": [[0.12596173584461212, -0.3770851492881775, 0.9175730347633362, 1.291741967201233], [0.9920350909233093, 0.047879658639431, -0.11650706827640533, -0.16401644051074982], [0.0, 0.9249402284622192, 0.3801126182079315, 0.2506874203681946], [0.0, 0.0, 0.0, 1.0]]}, {"file_path": "./train/r_86", "transform_matrix": [[0.31943875551223755, -0.3606167435646057, 0.8763071894645691, 1.232214093208313], [0.9476069211959839, 0.12156406790018082, -0.2954035699367523, -0.41537991166114807], [7.450580596923828e-09, 0.9247581958770752, 0.3805551528930664, 0.2506874203681946], [0.0, 0.0, 0.0, 1.0]]}, {"file_path": "./train/r_87", "transform_matrix": [[0.3794845640659332, -0.35164934396743774, 0.8557651042938232, 1.2048332691192627], [0.9251980781555176, 0.1442345231771469, -0.35100555419921875, -0.4941813349723816], [0.0, 0.9249535202980042, 0.3800800144672394, 0.2506874203681946], [0.0, 0.0, 0.0, 1.0]]}, {"file_path": "./train/r_88", "transform_matrix": [[0.43683820962905884, -0.34231799840927124, 0.8318597078323364, 1.169737458229065], [0.8995401263237, 0.16623781621456146, -0.40397098660469055, -0.5680525302886963], [0.0, 0.9247612953186035, 0.3805477023124695, 0.2506874203681946], [0.0, 0.0, 0.0, 1.0]]}, {"file_path": "./train/r_89", "transform_matrix": [[0.49147433042526245, -0.33110561966896057, 0.8054947853088379, 1.133725643157959], [0.8708920478820801, 0.186854287981987, -0.45456838607788086, -0.6398003101348877], [-1.4901161193847656e-08, 0.9249078631401062, 0.38019129633903503, 0.2506874203681946], [0.0, 0.0, 0.0, 1.0]]}, {"file_path": "./train/r_90", "transform_matrix": [[0.9966886639595032, 0.030951697379350662, -0.07519190013408661, -0.10570482164621353], [-0.08131316304206848, 0.37938758730888367, -0.9216578006744385, -1.2956671714782715], [0.0, 0.9247198700904846, 0.38064807653427124, 0.2506874203681946], [0.0, 0.0, 0.0, 1.0]]}, {"file_path": "./train/r_91", "transform_matrix": [[0.5917571187019348, -0.30661246180534363, 0.7455281615257263, 1.0488648414611816], [0.8061164021492004, 0.22507929801940918, -0.5472803115844727, -0.7699549198150635], [0.0, 0.9248394966125488, 0.38035744428634644, 0.2506874203681946], [0.0, 0.0, 0.0, 1.0]]}, {"file_path": "./train/r_92", "transform_matrix": [[0.6372117400169373, -0.2932286858558655, 0.712725818157196, 1.0024034976959229], [0.7706888914108276, 0.24244381487369537, -0.5892874002456665, -0.8287952542304993], [0.0, 0.9247907400131226, 0.3804760277271271, 0.2506874203681946], [0.0, 0.0, 0.0, 1.0]]}, {"file_path": "./train/r_93", "transform_matrix": [[0.6796121597290039, -0.2791433036327362, 0.6783851385116577, 0.9539796113967896], [0.7335717082023621, 0.25861024856567383, -0.6284849643707275, -0.8838074803352356], [2.9802322387695312e-08, 0.9247701168060303, 0.38052624464035034, 0.2506874203681946], [0.0, 0.0, 0.0, 1.0]]}, {"file_path": "./train/r_94", "transform_matrix": [[0.7187621593475342, -0.2643866539001465, 0.6430245041847229, 0.9048577547073364], [0.6952560544013977, 0.2733253836631775, -0.6647647023200989, -0.9354503750801086], [0.0, 0.9248746037483215, 0.3802722096443176, 0.2506874203681946], [0.0, 0.0, 0.0, 1.0]]}, {"file_path": "./train/r_95", "transform_matrix": [[0.7548342943191528, -0.24965789914131165, 0.6065443754196167, 0.8527323603630066], [0.6559155583381653, 0.28730884194374084, -0.698017418384552, -0.9813330769538879], [0.0, 0.9247295260429382, 0.380624920129776, 0.2506874203681946], [0.0, 0.0, 0.0, 1.0]]}, {"file_path": "./train/r_96", "transform_matrix": [[0.7877863049507141, -0.234110027551651, 0.5697238445281982, 0.8021146059036255], [0.6159487366676331, 0.29942211508750916, -0.7286655902862549, -1.0258888006210327], [0.0, 0.9249535202980042, 0.38008031249046326, 0.2506874203681946], [0.0, 0.0, 0.0, 1.0]]}, {"file_path": "./train/r_97", "transform_matrix": [[0.8176841735839844, -0.2190677672624588, 0.5323550701141357, 0.748586118221283], [0.575667142868042, 0.31116634607315063, -0.7561631798744202, -1.0633002519607544], [1.4901161193847656e-08, 0.9247620105743408, 0.38054588437080383, 0.2506874203681946], [0.0, 0.0, 0.0, 1.0]]}, {"file_path": "./train/r_98", "transform_matrix": [[0.844701886177063, -0.20363980531692505, 0.49498432874679565, 0.6961814761161804], [0.5352370738983154, 0.3213808238506317, -0.7811756730079651, -1.0987015962600708], [-1.4901161193847656e-08, 0.9247947335243225, 0.3804664611816406, 0.2506874203681946], [0.0, 0.0, 0.0, 1.0]]}, {"file_path": "./train/r_99", "transform_matrix": [[0.8688349723815918, -0.18819941580295563, 0.4579375386238098, 0.6446589827537537], [0.4951018691062927, 0.33026379346847534, -0.8036167025566101, -1.131286859512329], [0.0, 0.9249361157417297, 0.3801225423812866, 0.2506874203681946], [0.0, 0.0, 0.0, 1.0]]}]}