{"camera_angle_x": 1.40241539478302, "frames": [{"file_path": "./train/r_0", "transform_matrix": [[0.9947581887245178, 0.06899341195821762, -0.07547213137149811, -0.16717062890529633], [-0.10225523263216019, 0.6711809039115906, -0.7342071533203125, -1.626267433166504], [-3.725290076417309e-09, 0.7380760312080383, 0.6747175455093384, 0.6300700902938843], [0.0, 0.0, 0.0, 1.0]]}, {"file_path": "./train/r_1", "transform_matrix": [[0.8903101682662964, -0.307280570268631, 0.33604517579078674, 0.7442305088043213], [0.4553544819355011, 0.6007957458496094, -0.6570363640785217, -1.4551212787628174], [0.0, 0.7379857897758484, 0.6748162508010864, 0.6300700902938843], [0.0, 0.0, 0.0, 1.0]]}, {"file_path": "./train/r_2", "transform_matrix": [[0.9257438778877258, -0.2549855411052704, 0.2792500853538513, 0.6189255714416504], [0.3781510293483734, 0.6242249011993408, -0.6836264133453369, -1.5151790380477905], [0.0, 0.7384616732597351, 0.6742954254150391, 0.6300700902938843], [0.0, 0.0, 0.0, 1.0]]}, {"file_path": "./train/r_3", "transform_matrix": [[0.9400356411933899, -0.2301531434059143, 0.25171905755996704, 0.5575012564659119], [0.34107616543769836, 0.6343220472335815, -0.6937596201896667, -1.5365220308303833], [1.4901161193847656e-08, 0.7380141615867615, 0.6747851967811584, 0.6300700902938843], [0.0, 0.0, 0.0, 1.0]]}, {"file_path": "./train/r_4", "transform_matrix": [[0.9522773027420044, -0.2059449553489685, 0.22528763115406036, 0.4990161061286926], [0.30523407459259033, 0.6425125002861023, -0.7028582692146301, -1.556843638420105], [0.0, 0.7380814552307129, 0.6747115254402161, 0.6300700902938843], [0.0, 0.0, 0.0, 1.0]]}, {"file_path": "./train/r_5", "transform_matrix": [[0.9712240099906921, -0.16066494584083557, 0.1758141964673996, 0.38950327038764954], [0.23816771805286407, 0.6551754474639893, -0.7169526219367981, -1.5883551836013794], [1.4901162970204496e-08, 0.7381949424743652, 0.6745873093605042, 0.6300700902938843], [0.0, 0.0, 0.0, 1.0]]}, {"file_path": "./train/r_6", "transform_matrix": [[0.9783234596252441, -0.1397509127855301, 0.1528165638446808, 0.338419109582901], [0.20708265900611877, 0.6602271795272827, -0.7219533920288086, -1.5987980365753174], [0.0, 0.7379497289657593, 0.6748557090759277, 0.6300700902938843], [0.0, 0.0, 0.0, 1.0]]}, {"file_path": "./train/r_7", "transform_matrix": [[0.9840623736381531, -0.11998956650495529, 0.13123883306980133, 0.29067182540893555], [0.1778232902288437, 0.6640143394470215, -0.7262670397758484, -1.6085586547851562], [0.0, 0.738029420375824, 0.6747685074806213, 0.6300700902938843], [0.0, 0.0, 0.0, 1.0]]}, {"file_path": "./train/r_8", "transform_matrix": [[0.9886032342910767, -0.10152631998062134, 0.11115743964910507, 0.24633117020130157], [0.15054424107074738, 0.666709303855896, -0.7299555540084839, -1.6176228523254395], [7.450580152834618e-09, 0.7383705377578735, 0.6743952631950378, 0.6300700902938843], [0.0, 0.0, 0.0, 1.0]]}, {"file_path": "./train/r_9", "transform_matrix": [[0.992111325263977, 0.08453197032213211, -0.0925707295536995, -0.20516587793827057], [-0.125359445810318, 0.6689972281455994, -0.7326170206069946, -1.6237099170684814], [0.0, 0.7384423017501831, 0.6743166446685791, 0.6300700902938843], [0.0, 0.0, 0.0, 1.0]]}, {"file_path": "./train/r_10", "transform_matrix": [[0.9947581887245178, -0.06899305433034897, 0.07547174394130707, 0.16716976463794708], [0.1022547036409378, 0.6711809039115906, -0.7342071533203125, -1.626267433166504], [0.0, 0.7380760312080383, 0.6747175455093384, 0.6300700902938843], [0.0, 0.0, 0.0, 1.0]]}, {"file_path": "./train/r_11", "transform_matrix": [[0.9966886639595032, -0.05487849563360214, 0.06000058352947235, 0.13286356627941132], [0.08131247758865356, 0.672673761844635, -0.7354578375816345, -1.6285767555236816], [0.0, 0.7379013299942017, 0.6749085187911987, 0.6300700902938843], [0.0, 0.0, 0.0, 1.0]]}, {"file_path": "./train/r_12", "transform_matrix": [[0.9980370402336121, -0.04226865991950035, 0.04620964080095291, 0.10232026129961014], [0.06262563169002533, 0.6736169457435608, -0.736422598361969, -1.630632758140564], [0.0, 0.7378710508346558, 0.6749417185783386, 0.6300700902938843], [0.0, 0.0, 0.0, 1.0]]}, {"file_path": "./train/r_13", "transform_matrix": [[0.998928964138031, -0.031226137652993202, 0.034144677221775055, 0.07561385631561279], [0.04627019166946411, 0.6741423010826111, -0.7371507287025452, -1.6324304342269897], [-1.862645149230957e-09, 0.7379410862922668, 0.6748650670051575, 0.6300700902938843], [0.0, 0.0, 0.0, 1.0]]}, {"file_path": "./train/r_14", "transform_matrix": [[0.9999309778213501, -0.007925724610686302, 0.008677944540977478, 0.019231252372264862], [0.011752610094845295, 0.674333393573761, -0.7383334636688232, -1.636225938796997], [0.0, 0.7383845448493958, 0.6743799448013306, 0.6300700902938843], [0.0, 0.0, 0.0, 1.0]]}, {"file_path": "./train/r_15", "transform_matrix": [[0.9999862313270569, -0.003541290760040283, 0.0038788714446127415, 0.00859778467565775], [0.005252274218946695, 0.6742302179336548, -0.738502562046051, -1.63694167137146], [0.0, 0.7385128140449524, 0.674239456653595, 0.6300700902938843], [0.0, 0.0, 0.0, 1.0]]}, {"file_path": "./train/r_16", "transform_matrix": [[0.9999990463256836, -0.0008894663187675178, 0.0009745018323883414, 0.002160346833989024], [0.0013193951454013586, 0.6741463541984558, -0.7385966777801514, -1.637374997138977], [0.0, 0.7385973334312439, 0.6741468906402588, 0.6300700902938843], [0.0, 0.0, 0.0, 1.0]]}, {"file_path": "./train/r_17", "transform_matrix": [[0.9886031150817871, 0.10152705013751984, -0.11115824431180954, -0.24633298814296722], [-0.15054532885551453, 0.6667091846466064, -0.7299554347991943, -1.61762273311615], [0.0, 0.7383705973625183, 0.6743951439857483, 0.6300700902938843], [0.0, 0.0, 0.0, 1.0]]}, {"file_path": "./train/r_18", "transform_matrix": [[0.9999999403953552, 0.0, 0.0, 0.0], [0.0, 0.6741145253181458, -0.7386268377304077, -1.637520432472229], [0.0, 0.7386268377304077, 0.6741145253181458, 0.6300700902938843], [0.0, 0.0, 0.0, 1.0]]}, {"file_path": "./train/r_19", "transform_matrix": [[0.9840622544288635, 0.1199900433421135, -0.13123935461044312, -0.2906729578971863], [-0.1778239905834198, 0.6640142798423767, -0.7262669801712036, -1.6085585355758667], [0.0, 0.738029420375824, 0.6747685074806213, 0.6300700902938843], [0.0, 0.0, 0.0, 1.0]]}, {"file_path": "./train/r_20", "transform_matrix": [[0.9783232808113098, 0.13975147902965546, -0.15281718969345093, -0.33842048048973083], [-0.20708347856998444, 0.6602271199226379, -0.7219533920288086, -1.5987979173660278], [0.0, 0.7379497289657593, 0.6748557090759277, 0.6300700902938843], [0.0, 0.0, 0.0, 1.0]]}, {"file_path": "./train/r_21", "transform_matrix": [[0.9712238907814026, 0.1606651097536087, -0.1758144497871399, -0.3895038366317749], [-0.23816798627376556, 0.6551753878593445, -0.7169527411460876, -1.5883554220199585], [7.450580152834618e-09, 0.7381950616836548, 0.6745873093605042, 0.6300700902938843], [0.0, 0.0, 0.0, 1.0]]}, {"file_path": "./train/r_22", "transform_matrix": [[0.9626098275184631, 0.18262310326099396, -0.20007793605327606, -0.4435419738292694], [-0.27089181542396545, 0.6489482522010803, -0.7109737396240234, -1.576119303703308], [0.0, 0.7385898232460022, 0.674155056476593, 0.6300700902938843], [0.0, 0.0, 0.0, 1.0]]}, {"file_path": "./train/r_23", "transform_matrix": [[0.9522770047187805, 0.20594574511051178, -0.225288525223732, -0.4990181028842926], [-0.30523526668548584, 0.6425122022628784, -0.7028580904006958, -1.5568431615829468], [-1.4901161193847656e-08, 0.7380815148353577, 0.6747115254402161, 0.6300700902938843], [0.0, 0.0, 0.0, 1.0]]}, {"file_path": "./train/r_24", "transform_matrix": [[0.9400352835655212, 0.23015382885932922, -0.25171980261802673, -0.5575029850006104], [-0.34107717871665955, 0.6343218684196472, -0.6937593817710876, -1.536521553993225], [0.0, 0.7380141615867615, 0.6747851967811584, 0.6300700902938843], [0.0, 0.0, 0.0, 1.0]]}, {"file_path": "./train/r_25", "transform_matrix": [[0.9257434606552124, 0.2549861669540405, -0.279250830411911, -0.6189273595809937], [-0.3781520426273346, 0.6242245435714722, -0.683626115322113, -1.5151785612106323], [2.9802322387695312e-08, 0.7384617328643799, 0.6742953062057495, 0.6300700902938843], [0.0, 0.0, 0.0, 1.0]]}, {"file_path": "./train/r_26", "transform_matrix": [[0.9999991655349731, 0.000889835471753031, -0.0009749062010087073, -0.0021612432319670916], [-0.0013199428794905543, 0.6741463541984558, -0.7385966181755066, -1.6373748779296875], [0.0, 0.7385972738265991, 0.6741468906402588, 0.6300700902938843], [0.0, 0.0, 0.0, 1.0]]}, {"file_path": "./train/r_27", "transform_matrix": [[0.9092467427253723, 0.28080329298973083, -0.307278037071228, -0.6807485222816467], [-0.41625741124153137, 0.6133691668510437, -0.6711989641189575, -1.4869846105575562], [0.0, 0.7381922006607056, 0.6745904088020325, 0.6300700902938843], [0.0, 0.0, 0.0, 1.0]]}, {"file_path": "./train/r_28", "transform_matrix": [[0.8688344955444336, 0.3338550329208374, -0.3656056523323059, -0.8102995753288269], [-0.4951026737689972, 0.5858679413795471, -0.6415857076644897, -1.4219599962234497], [1.4901160305669237e-08, 0.7384440898895264, 0.6743147373199463, 0.6300700902938843], [0.0, 0.0, 0.0, 1.0]]}, {"file_path": "./train/r_29", "transform_matrix": [[0.7877854704856873, 0.41531455516815186, -0.454871267080307, -1.0082122087478638], [-0.6159497499465942, 0.5311776995658875, -0.5817698240280151, -1.2894800901412964], [0.0, 0.7384876608848572, 0.6742669939994812, 0.6300700902938843], [0.0, 0.0, 0.0, 1.0]]}, {"file_path": "./train/r_30", "transform_matrix": [[0.67961186170578, 0.4949929714202881, -0.5413960218429565, -1.1990962028503418], [-0.7335718274116516, 0.45858234167099, -0.5015720725059509, -1.1108932495117188], [0.0, 0.7380272150039673, 0.6747709512710571, 0.6300700902938843], [0.0, 0.0, 0.0, 1.0]]}, {"file_path": "./train/r_31", "transform_matrix": [[0.6372116804122925, 0.5199947953224182, -0.5688292384147644, -1.259961724281311], [-0.7706888318061829, 0.42993584275245667, -0.47031253576278687, -1.0417463779449463], [0.0, 0.7380789518356323, 0.6747142672538757, 0.6300700902938843], [0.0, 0.0, 0.0, 1.0]]}, {"file_path": "./train/r_32", "transform_matrix": [[0.9999861717224121, 0.003540665376931429, -0.003878186922520399, -0.0085962675511837], [-0.005251346621662378, 0.67423015832901, -0.7385026216506958, -1.6369417905807495], [0.0, 0.7385128140449524, 0.674239456653595, 0.6300700902938843], [0.0, 0.0, 0.0, 1.0]]}, {"file_path": "./train/r_33", "transform_matrix": [[0.5917559862136841, 0.5437906980514526, -0.5950767993927002, -1.3183621168136597], [-0.8061171174049377, 0.3991869390010834, -0.4368351399898529, -0.9677858352661133], [0.0, 0.7382014989852905, 0.6745802760124207, 0.6300700902938843], [0.0, 0.0, 0.0, 1.0]]}, {"file_path": "./train/r_34", "transform_matrix": [[0.5430883765220642, 0.5666029453277588, -0.6196902990341187, -1.372469425201416], [-0.8396755456924438, 0.36646950244903564, -0.4008055329322815, -0.8876907825469971], [0.0, 0.7380115985870361, 0.6747879981994629, 0.6300700902938843], [0.0, 0.0, 0.0, 1.0]]}, {"file_path": "./train/r_35", "transform_matrix": [[0.4914737343788147, 0.5873233675956726, -0.6430433988571167, -1.4250261783599854], [-0.870892345905304, 0.33144626021385193, -0.36289092898368835, -0.8041900396347046], [1.4901160305669237e-08, 0.7383729815483093, 0.674392580986023, 0.6300700902938843], [0.0, 0.0, 0.0, 1.0]]}, {"file_path": "./train/r_36", "transform_matrix": [[0.3794843256473541, 0.6238303184509277, -0.6832476854324341, -1.5144039392471313], [-0.9251981377601624, 0.2558736503124237, -0.2802445888519287, -0.6211561560630798], [0.0, 0.7384878993034363, 0.6742668151855469, 0.6300700902938843], [0.0, 0.0, 0.0, 1.0]]}, {"file_path": "./train/r_37", "transform_matrix": [[0.31943756341934204, 0.6394487619400024, -0.6993316411972046, -1.5488206148147583], [-0.9476072788238525, 0.21555763483047485, -0.23574410378932953, -0.5221061110496521], [0.0, 0.73799729347229, 0.674803614616394, 0.6300700902938843], [0.0, 0.0, 0.0, 1.0]]}, {"file_path": "./train/r_38", "transform_matrix": [[0.2570449709892273, 0.6515843272209167, -0.71369868516922, -1.5819628238677979], [-0.9663994908332825, 0.17330977320671082, -0.18983107805252075, -0.42077380418777466], [0.0, 0.7385131120681763, 0.6742390990257263, 0.6300700902938843], [0.0, 0.0, 0.0, 1.0]]}, {"file_path": "./train/r_39", "transform_matrix": [[0.1924155205488205, 0.6622422337532043, -0.7241626977920532, -1.603697419166565], [-0.9813135266304016, 0.12985216081142426, -0.14199350774288177, -0.31445229053497314], [-7.450580152834618e-09, 0.7379524111747742, 0.6748527884483337, 0.6300700902938843], [0.0, 0.0, 0.0, 1.0]]}, {"file_path": "./train/r_40", "transform_matrix": [[0.12596020102500916, 0.6689329743385315, -0.7325726747512817, -1.6236430406570435], [-0.9920353293418884, 0.08493542671203613, -0.09301584959030151, -0.206156387925148], [3.725290076417309e-09, 0.738454282283783, 0.6743035912513733, 0.6300700902938843], [0.0, 0.0, 0.0, 1.0]]}, {"file_path": "./train/r_41", "transform_matrix": [[0.05784996226429939, 0.6737992167472839, -0.7366464138031006, -1.6311578750610352], [-0.9983252882957458, 0.03904464840888977, -0.04268645495176315, -0.09452071785926819], [0.0, 0.737882137298584, 0.6749295592308044, 0.6300700902938843], [0.0, 0.0, 0.0, 1.0]]}, {"file_path": "./train/r_42", "transform_matrix": [[-0.011419018730521202, 0.6743291616439819, -0.7383425831794739, -1.6362626552581787], [-0.999934732913971, -0.007700679823756218, 0.008431698195636272, 0.018685733899474144], [4.656612873077393e-10, 0.7383906841278076, 0.6743730902671814, 0.6300700902938843], [0.0, 0.0, 0.0, 1.0]]}, {"file_path": "./train/r_43", "transform_matrix": [[-0.08163423836231232, 0.6726542115211487, -0.7354401350021362, -1.6285414695739746], [-0.9966623187065125, -0.055095504969358444, 0.060238149017095566, 0.13338994979858398], [0.0, 0.7379029989242554, 0.674906849861145, 0.6300700902938843], [0.0, 0.0, 0.0, 1.0]]}, {"file_path": "./train/r_44", "transform_matrix": [[-0.15220323204994202, 0.6665682792663574, -0.7297403812408447, -1.6170724630355835], [-0.9883492588996887, -0.10264979302883148, 0.11237813532352448, 0.24902498722076416], [0.0, 0.7383425235748291, 0.6744258999824524, 0.6300700902938843], [0.0, 0.0, 0.0, 1.0]]}, {"file_path": "./train/r_45", "transform_matrix": [[-0.22291718423366547, 0.6577871441841125, -0.7194609045982361, -1.5934901237487793], [-0.9748373627662659, -0.15041695535182953, 0.16451996564865112, 0.3643852472305298], [0.0, 0.7380317449569702, 0.6747660040855408, 0.6300700902938843], [0.0, 0.0, 0.0, 1.0]]}, {"file_path": "./train/r_46", "transform_matrix": [[-0.29309648275375366, 0.644943356513977, -0.7057921886444092, -1.5636738538742065], [-0.9560828804969788, -0.19771364331245422, 0.2163674533367157, 0.4793594181537628], [1.4901160305669237e-08, 0.7382123470306396, 0.6745684146881104, 0.6300700902938843], [0.0, 0.0, 0.0, 1.0]]}, {"file_path": "./train/r_47", "transform_matrix": [[-0.36254531145095825, 0.628679633140564, -0.6879845857620239, -1.5242100954055786], [-0.9319661855697632, -0.24456344544887543, 0.26763373613357544, 0.5929348468780518], [0.0, 0.7382077574729919, 0.6745734214782715, 0.6300700902938843], [0.0, 0.0, 0.0, 1.0]]}, {"file_path": "./train/r_48", "transform_matrix": [[-0.4305402934551239, 0.6090123653411865, -0.6661373972892761, -1.4754165410995483], [-0.9025713801383972, -0.2905081808567047, 0.3177576959133148, 0.7037961483001709], [0.0, 0.7380439639091492, 0.6747525334358215, 0.6300700902938843], [0.0, 0.0, 0.0, 1.0]]}, {"file_path": "./train/r_49", "transform_matrix": [[-0.4968329966068268, 0.5851672291755676, -0.6408870816230774, -1.420494794845581], [-0.8678461909294128, -0.33500218391418457, 0.3669012188911438, 0.8132185339927673], [0.0, 0.7384800314903259, 0.6742752194404602, 0.6300700902938843], [0.0, 0.0, 0.0, 1.0]]}, {"file_path": "./train/r_50", "transform_matrix": [[-0.5607941746711731, 0.5587549805641174, -0.6109851598739624, -1.3530426025390625], [-0.8279552459716797, -0.37845829129219055, 0.4138350784778595, 0.9164485931396484], [0.0, 0.7379446029663086, 0.6748613119125366, 0.6300700902938843], [0.0, 0.0, 0.0, 1.0]]}, {"file_path": "./train/r_51", "transform_matrix": [[-0.6220036149024963, 0.528081476688385, -0.578136146068573, -1.2811330556869507], [-0.7830142974853516, -0.4194924831390381, 0.4592544734477997, 1.0176947116851807], [0.0, 0.7383468747138977, 0.6744211912155151, 0.6300700902938843], [0.0, 0.0, 0.0, 1.0]]}, {"file_path": "./train/r_52", "transform_matrix": [[0.9997839331626892, 0.014020423404872417, -0.015344014391303062, -0.03399543836712837], [-0.020784873515367508, 0.6744036078453064, -0.7380703091621399, -1.6352319717407227], [0.0, 0.7382298111915588, 0.6745492815971375, 0.6300700902938843], [0.0, 0.0, 0.0, 1.0]]}, {"file_path": "./train/r_53", "transform_matrix": [[-0.6800679564476013, 0.49470335245132446, -0.5410879254341125, -1.1984243392944336], [-0.733148992061615, -0.4588860869407654, 0.5019123554229736, 1.1116565465927124], [0.0, 0.7380326390266418, 0.6747650504112244, 0.6300700902938843], [0.0, 0.0, 0.0, 1.0]]}, {"file_path": "./train/r_54", "transform_matrix": [[-0.7343915104866028, 0.4579920768737793, -0.5009114742279053, -1.1094119548797607], [-0.6787260174751282, -0.4955541789531708, 0.5419936180114746, 1.2004001140594482], [1.4901160305669237e-08, 0.7380171418190002, 0.6747819781303406, 0.6300700902938843], [0.0, 0.0, 0.0, 1.0]]}, {"file_path": "./train/r_55", "transform_matrix": [[-0.7847023606300354, 0.41802313923835754, -0.4577104151248932, -1.0143511295318604], [-0.6198726892471313, -0.5291792154312134, 0.5794196724891663, 1.2840760946273804], [0.0, 0.7383941411972046, 0.6743693351745605, 0.6300700902938843], [0.0, 0.0, 0.0, 1.0]]}, {"file_path": "./train/r_56", "transform_matrix": [[-0.8304803967475891, 0.3759290277957916, -0.4110712707042694, -0.9103303551673889], [-0.5570476651191711, -0.560457706451416, 0.6128498911857605, 1.3571754693984985], [0.0, 0.737946093082428, 0.6748595833778381, 0.6300700902938843], [0.0, 0.0, 0.0, 1.0]]}, {"file_path": "./train/r_57", "transform_matrix": [[-0.8713943362236023, 0.3308545649051666, -0.3622252941131592, -0.8026934862136841], [-0.49058327078819275, -0.5876776576042175, 0.6433995962142944, 1.4257774353027344], [-1.4901161193847656e-08, 0.7383565306663513, 0.6744105815887451, 0.6300700902938843], [0.0, 0.0, 0.0, 1.0]]}, {"file_path": "./train/r_58", "transform_matrix": [[-0.9071611762046814, 0.2838820815086365, -0.31059545278549194, -0.6880356669425964], [-0.42078331112861633, -0.6120176315307617, 0.6696086525917053, 1.483327031135559], [0.0, 0.7381364107131958, 0.6746515035629272, 0.6300700902938843], [0.0, 0.0, 0.0, 1.0]]}, {"file_path": "./train/r_59", "transform_matrix": [[-0.9373887181282043, 0.23500026762485504, -0.2570548355579376, -0.5693604946136475], [-0.3482848107814789, -0.632489800453186, 0.6918483972549438, 1.5324013233184814], [0.0, 0.7380592823028564, 0.6747358441352844, 0.6300700902938843], [0.0, 0.0, 0.0, 1.0]]}, {"file_path": "./train/r_60", "transform_matrix": [[-0.9619171023368835, 0.1842895746231079, -0.20187340676784515, -0.44748562574386597], [-0.27334141731262207, -0.64853435754776, 0.7104136943817139, 1.5747488737106323], [0.0, 0.7385395169258118, 0.674210250377655, 0.6300700902938843], [0.0, 0.0, 0.0, 1.0]]}, {"file_path": "./train/r_61", "transform_matrix": [[-0.9804837703704834, 0.13267776370048523, -0.1450796276330948, -0.321282297372818], [-0.1965997964143753, -0.6616913676261902, 0.7235420346260071, 1.6023011207580566], [0.0, 0.7379439473152161, 0.6748620271682739, 0.6300700902938843], [0.0, 0.0, 0.0, 1.0]]}, {"file_path": "./train/r_62", "transform_matrix": [[-0.9929490685462952, 0.07995139062404633, -0.08752140402793884, -0.19393494725227356], [-0.11854206770658493, -0.6697003245353699, 0.7331093549728394, 1.6244657039642334], [0.0, 0.7383151054382324, 0.6744558811187744, 0.6300700902938843], [0.0, 0.0, 0.0, 1.0]]}, {"file_path": "./train/r_63", "transform_matrix": [[0.9994780421257019, 0.02179715596139431, -0.02384372055530548, -0.05281347036361694], [-0.03230540081858635, 0.6743695139884949, -0.7376869916915894, -1.633965253829956], [0.0, 0.7380721569061279, 0.6747216582298279, 0.6300700902938843], [0.0, 0.0, 0.0, 1.0]]}, {"file_path": "./train/r_64", "transform_matrix": [[-0.9992172122001648, 0.026694007217884064, -0.02919371798634529, -0.06465563178062439], [-0.03955809399485588, -0.6742768883705139, 0.7374183535575867, 1.63316810131073], [0.0, 0.7379959225654602, 0.6748051643371582, 0.6300700902938843], [0.0, 0.0, 0.0, 1.0]]}, {"file_path": "./train/r_65", "transform_matrix": [[-0.99921715259552, -0.02669561468064785, 0.029195476323366165, 0.06465952843427658], [0.0395604744553566, -0.6742768883705139, 0.7374182343482971, 1.6331678628921509], [1.862645149230957e-09, 0.7379958033561707, 0.6748051643371582, 0.6300700902938843], [0.0, 0.0, 0.0, 1.0]]}, {"file_path": "./train/r_66", "transform_matrix": [[-0.9929488301277161, -0.07995249330997467, 0.08752262592315674, 0.19393767416477203], [0.11854370683431625, -0.6697000861167908, 0.7331092357635498, 1.6244657039642334], [0.0, 0.7383151650428772, 0.6744558215141296, 0.6300700902938843], [0.0, 0.0, 0.0, 1.0]]}, {"file_path": "./train/r_67", "transform_matrix": [[-0.9804834127426147, -0.13267914950847626, 0.14508117735385895, 0.3212857246398926], [0.19660188257694244, -0.6616910099983215, 0.7235418558120728, 1.6023006439208984], [-7.450580152834618e-09, 0.7379439473152161, 0.6748620271682739, 0.6300700902938843], [0.0, 0.0, 0.0, 1.0]]}, {"file_path": "./train/r_68", "transform_matrix": [[-0.9071602821350098, -0.28388333320617676, 0.3105968236923218, 0.68803870677948], [0.4207850992679596, -0.6120170950889587, 0.6696080565452576, 1.4833256006240845], [0.0, 0.7381364107131958, 0.6746515035629272, 0.6300700902938843], [0.0, 0.0, 0.0, 1.0]]}, {"file_path": "./train/r_69", "transform_matrix": [[-0.8713933825492859, -0.3308556377887726, 0.3622264862060547, 0.802696168422699], [0.4905848205089569, -0.5876770615577698, 0.6433990001678467, 1.4257762432098389], [0.0, 0.7383565306663513, 0.6744105815887451, 0.6300700902938843], [0.0, 0.0, 0.0, 1.0]]}, {"file_path": "./train/r_70", "transform_matrix": [[-0.784701406955719, -0.4180239140987396, 0.45771127939224243, 1.0143530368804932], [0.6198738217353821, -0.5291786193847656, 0.5794190168380737, 1.2840745449066162], [2.9802320611338473e-08, 0.7383941411972046, 0.6743693351745605, 0.6300700902938843], [0.0, 0.0, 0.0, 1.0]]}, {"file_path": "./train/r_71", "transform_matrix": [[0.9989290237426758, 0.031225813552737236, -0.0341443195939064, -0.07561307400465012], [-0.04626971483230591, 0.6741423010826111, -0.7371507287025452, -1.6324306726455688], [0.0, 0.7379410862922668, 0.6748650074005127, 0.6300700902938843], [0.0, 0.0, 0.0, 1.0]]}, {"file_path": "./train/r_72", "transform_matrix": [[-0.734390139579773, -0.4579930603504181, 0.5009125471115112, 1.1094143390655518], [0.6787274479866028, -0.49555322527885437, 0.5419926047325134, 1.2003979682922363], [-1.4901160305669237e-08, 0.7380171418190002, 0.6747819781303406, 0.6300700902938843], [0.0, 0.0, 0.0, 1.0]]}, {"file_path": "./train/r_73", "transform_matrix": [[-0.6800665855407715, -0.4947041869163513, 0.5410888195037842, 1.1984262466430664], [0.7331503033638, -0.45888516306877136, 0.5019113421440125, 1.1116544008255005], [-1.4901161193847656e-08, 0.7380326390266418, 0.6747650504112244, 0.6300700902938843], [0.0, 0.0, 0.0, 1.0]]}, {"file_path": "./train/r_74", "transform_matrix": [[-0.6220022439956665, -0.5280821323394775, 0.5781369805335999, 1.2811349630355835], [0.7830154299736023, -0.4194914698600769, 0.4592534601688385, 1.0176925659179688], [-1.4901161193847656e-08, 0.7383468747138977, 0.6744211316108704, 0.6300700902938843], [0.0, 0.0, 0.0, 1.0]]}, {"file_path": "./train/r_75", "transform_matrix": [[-0.49683135747909546, -0.5851678848266602, 0.6408877372741699, 1.4204961061477661], [0.8678470253944397, -0.335001140832901, 0.3669000566005707, 0.8132158517837524], [-1.4901160305669237e-08, 0.7384800314903259, 0.6742753386497498, 0.6300700902938843], [0.0, 0.0, 0.0, 1.0]]}, {"file_path": "./train/r_76", "transform_matrix": [[-0.43053850531578064, -0.6090128421783447, 0.6661379933357239, 1.4754178524017334], [0.9025721549987793, -0.2905069589614868, 0.31775638461112976, 0.7037932276725769], [1.4901161193847656e-08, 0.7380439639091492, 0.6747525334358215, 0.6300700902938843], [0.0, 0.0, 0.0, 1.0]]}, {"file_path": "./train/r_77", "transform_matrix": [[-0.36254268884658813, -0.6286803483963013, 0.6879853010177612, 1.5242115259170532], [0.9319671392440796, -0.24456170201301575, 0.2676318287849426, 0.5929305553436279], [-1.4901161193847656e-08, 0.7382076382637024, 0.6745734810829163, 0.6300700902938843], [0.0, 0.0, 0.0, 1.0]]}, {"file_path": "./train/r_78", "transform_matrix": [[-0.2229156345129013, -0.6577874422073364, 0.71946120262146, 1.593490481376648], [0.9748377203941345, -0.15041592717170715, 0.1645188331604004, 0.36438268423080444], [0.0, 0.7380317449569702, 0.6747660636901855, 0.6300700902938843], [0.0, 0.0, 0.0, 1.0]]}, {"file_path": "./train/r_79", "transform_matrix": [[-0.15220215916633606, -0.6665683388710022, 0.7297404408454895, 1.617072582244873], [0.9883493781089783, -0.10264907032251358, 0.1123773381114006, 0.2490232288837433], [0.0, 0.7383425235748291, 0.6744258999824524, 0.6300700902938843], [0.0, 0.0, 0.0, 1.0]]}, {"file_path": "./train/r_80", "transform_matrix": [[0.9980370402336121, 0.0422690249979496, -0.04621003568172455, -0.10232115536928177], [-0.0626261755824089, 0.6736169457435608, -0.7364225387573242, -1.6306328773498535], [0.0, 0.7378710508346558, 0.6749416589736938, 0.6300700902938843], [0.0, 0.0, 0.0, 1.0]]}, {"file_path": "./train/r_81", "transform_matrix": [[0.057850632816553116, -0.6737992167472839, 0.7366464138031006, 1.6311578750610352], [0.9983252882957458, 0.039045099169015884, -0.04268694669008255, -0.09452180564403534], [0.0, 0.737882137298584, 0.6749295592308044, 0.6300700902938843], [0.0, 0.0, 0.0, 1.0]]}, {"file_path": "./train/r_82", "transform_matrix": [[0.12596172094345093, -0.6689327359199524, 0.7325725555419922, 1.6236430406570435], [0.9920350909233093, 0.08493643254041672, -0.09301698207855225, -0.20615893602371216], [3.725290298461914e-09, 0.738454282283783, 0.6743035316467285, 0.6300700902938843], [0.0, 0.0, 0.0, 1.0]]}, {"file_path": "./train/r_83", "transform_matrix": [[0.19241635501384735, -0.6622421145439148, 0.7241626381874084, 1.603697419166565], [0.9813134074211121, 0.12985271215438843, -0.14199411869049072, -0.314453661441803], [0.0, 0.737952470779419, 0.674852728843689, 0.6300700902938843], [0.0, 0.0, 0.0, 1.0]]}, {"file_path": "./train/r_84", "transform_matrix": [[0.25704577565193176, -0.6515840291976929, 0.7136986255645752, 1.5819628238677979], [0.9663991332054138, 0.1733103096485138, -0.18983173370361328, -0.42077529430389404], [0.0, 0.7385132312774658, 0.6742390990257263, 0.6300700902938843], [0.0, 0.0, 0.0, 1.0]]}, {"file_path": "./train/r_85", "transform_matrix": [[0.3194386959075928, -0.6394485831260681, 0.6993314027786255, 1.5488200187683105], [0.9476069808006287, 0.21555839478969574, -0.23574493825435638, -0.5221079587936401], [1.4901161193847656e-08, 0.73799729347229, 0.674803614616394, 0.6300700902938843], [0.0, 0.0, 0.0, 1.0]]}, {"file_path": "./train/r_86", "transform_matrix": [[0.3794845938682556, -0.6238301992416382, 0.6832475662231445, 1.5144039392471313], [0.9251980185508728, 0.25587382912635803, -0.28024476766586304, -0.621156632900238], [-2.9802322387695312e-08, 0.7384878993034363, 0.6742666959762573, 0.6300700902938843], [0.0, 0.0, 0.0, 1.0]]}, {"file_path": "./train/r_87", "transform_matrix": [[0.4368381202220917, -0.6070054173469543, 0.6638651490211487, 1.4702907800674438], [0.8995400071144104, 0.2947763502597809, -0.32238879799842834, -0.7140083909034729], [0.0, 0.7380050420761108, 0.6747952103614807, 0.6300700902938843], [0.0, 0.0, 0.0, 1.0]]}, {"file_path": "./train/r_88", "transform_matrix": [[0.49147430062294006, -0.5873231887817383, 0.6430432200431824, 1.4250258207321167], [0.8708919882774353, 0.33144664764404297, -0.36289140582084656, -0.8041910529136658], [2.9802317058624794e-08, 0.7383730411529541, 0.674392580986023, 0.6300700902938843], [0.0, 0.0, 0.0, 1.0]]}, {"file_path": "./train/r_89", "transform_matrix": [[0.9966886043548584, 0.05487895756959915, -0.06000109389424324, -0.13286469876766205], [-0.08131316304206848, 0.6726737022399902, -0.7354578375816345, -1.6285767555236816], [0.0, 0.7379013895988464, 0.6749085187911987, 0.6300700902938843], [0.0, 0.0, 0.0, 1.0]]}, {"file_path": "./train/r_90", "transform_matrix": [[0.5430887341499329, -0.5666027665138245, 0.6196901202201843, 1.3724690675735474], [0.83967524766922, 0.36646974086761475, -0.400805801153183, -0.8876913785934448], [0.0, 0.7380115985870361, 0.6747879981994629, 0.6300700902938843], [0.0, 0.0, 0.0, 1.0]]}, {"file_path": "./train/r_91", "transform_matrix": [[0.5917569994926453, -0.5437901616096497, 0.5950762629508972, 1.3183610439300537], [0.8061162829399109, 0.3991876542568207, -0.4368359446525574, -0.9677876830101013], [-1.4901160305669237e-08, 0.7382014989852905, 0.6745802760124207, 0.6300700902938843], [0.0, 0.0, 0.0, 1.0]]}, {"file_path": "./train/r_92", "transform_matrix": [[0.6372116804122925, -0.5199947953224182, 0.5688292980194092, 1.2599618434906006], [0.7706888318061829, 0.42993584275245667, -0.47031259536743164, -1.0417464971542358], [0.0, 0.7380790710449219, 0.6747142672538757, 0.6300700902938843], [0.0, 0.0, 0.0, 1.0]]}, {"file_path": "./train/r_93", "transform_matrix": [[0.6796120405197144, -0.49499282240867615, 0.5413958430290222, 1.1990958452224731], [0.7335715889930725, 0.45858249068260193, -0.5015722513198853, -1.1108936071395874], [1.4901160305669237e-08, 0.7380272150039673, 0.6747709512710571, 0.6300700902938843], [0.0, 0.0, 0.0, 1.0]]}, {"file_path": "./train/r_94", "transform_matrix": [[0.7187621593475342, -0.4689391255378723, 0.5133001804351807, 1.1373525857925415], [0.6952559947967529, 0.48479366302490234, -0.5306545495986938, -1.175805687904358], [1.4901158529312397e-08, 0.738289475440979, 0.6744840145111084, 0.6300700902938843], [0.0, 0.0, 0.0, 1.0]]}, {"file_path": "./train/r_95", "transform_matrix": [[0.7548342347145081, -0.4426659047603607, 0.4840167164802551, 1.0718340873718262], [0.6559155583381653, 0.5094243884086609, -0.5570113062858582, -1.2334774732589722], [0.0, 0.7379252910614014, 0.6748824715614319, 0.6300700902938843], [0.0, 0.0, 0.0, 1.0]]}, {"file_path": "./train/r_96", "transform_matrix": [[0.7877862453460693, -0.4153139293193817, 0.4548704922199249, 1.00821053981781], [0.6159486770629883, 0.53117835521698, -0.5817704200744629, -1.2894814014434814], [-1.4901160305669237e-08, 0.7384876608848572, 0.6742669939994812, 0.6300700902938843], [0.0, 0.0, 0.0, 1.0]]}, {"file_path": "./train/r_97", "transform_matrix": [[0.8176841139793396, -0.38845622539520264, 0.424846351146698, 0.9409283995628357], [0.5756670832633972, 0.5517676472663879, -0.6034566164016724, -1.33650541305542], [1.4901160305669237e-08, 0.7380068302154541, 0.6747931838035583, 0.6300700902938843], [0.0, 0.0, 0.0, 1.0]]}, {"file_path": "./train/r_98", "transform_matrix": [[0.8447018265724182, -0.36112627387046814, 0.39505255222320557, 0.8750588893890381], [0.5352370142936707, 0.5699232816696167, -0.6234651207923889, -1.3810027837753296], [-1.4901160305669237e-08, 0.7380889058113098, 0.6747034788131714, 0.6300700902938843], [0.0, 0.0, 0.0, 1.0]]}, {"file_path": "./train/r_99", "transform_matrix": [[0.868834912776947, -0.3338545262813568, 0.365604966878891, 0.8102980852127075], [0.49510183930397034, 0.5858682990074158, -0.6415859460830688, -1.4219605922698975], [1.4901160305669237e-08, 0.7384441494941711, 0.6743147373199463, 0.6300700902938843], [0.0, 0.0, 0.0, 1.0]]}]}