{"camera_angle_x": 1.40241539478302, "frames": [{"file_path": "./train/r_0", "transform_matrix": [[1.0, 0.0, 0.0, 0.0], [0.0, 0.5936218500137329, -0.8047441244125366, -1.5515401363372803], [0.0, 0.8047441244125366, 0.5936218500137329, 0.48007017374038696], [0.0, 0.0, 0.0, 1.0]]}, {"file_path": "./train/r_1", "transform_matrix": [[0.8903102874755859, -0.27064248919487, 0.3661971688270569, 0.7051536440849304], [0.4553545415401459, 0.5291607975959778, -0.7159895896911621, -1.3787181377410889], [1.4901162970204496e-08, 0.8042023777961731, 0.5943555235862732, 0.48007017374038696], [0.0, 0.0, 0.0, 1.0]]}, {"file_path": "./train/r_2", "transform_matrix": [[0.9092472791671753, -0.24730609357357025, 0.334827184677124, 0.6450035572052002], [0.4162566065788269, 0.5402013659477234, -0.7313774228096008, -1.4089089632034302], [-1.4901162970204496e-08, 0.8043768405914307, 0.5941193699836731, 0.48007017374038696], [0.0, 0.0, 0.0, 1.0]]}, {"file_path": "./train/r_3", "transform_matrix": [[0.9257439374923706, -0.22455021739006042, 0.30426207184791565, 0.5864279866218567], [0.3781510591506958, 0.5497168302536011, -0.7448577880859375, -1.4356224536895752], [0.0, 0.8046046495437622, 0.5938109159469604, 0.48007017374038696], [0.0, 0.0, 0.0, 1.0]]}, {"file_path": "./train/r_4", "transform_matrix": [[0.9522773623466492, -0.1813841313123703, 0.24549466371536255, 0.47281455993652344], [0.30523407459259033, 0.5658870339393616, -0.7659007906913757, -1.4750994443893433], [0.0, 0.8042833805084229, 0.5942460298538208, 0.48007017374038696], [0.0, 0.0, 0.0, 1.0]]}, {"file_path": "./train/r_5", "transform_matrix": [[0.9626102447509766, -0.1608179360628128, 0.21798895299434662, 0.42025089263916016], [0.27089038491249084, 0.5714672803878784, -0.7746248245239258, -1.493363618850708], [1.4901161193847656e-08, 0.8047128319740295, 0.593664288520813, 0.48007017374038696], [0.0, 0.0, 0.0, 1.0]]}, {"file_path": "./train/r_6", "transform_matrix": [[0.9712240695953369, -0.1414993405342102, 0.19157716631889343, 0.36905187368392944], [0.23816773295402527, 0.5770200490951538, -0.7812324166297913, -1.5049564838409424], [0.0, 0.8043792247772217, 0.5941162109375, 0.48007017374038696], [0.0, 0.0, 0.0, 1.0]]}, {"file_path": "./train/r_7", "transform_matrix": [[0.9783234596252441, -0.1230892539024353, 0.16653002798557281, 0.3206499218940735], [0.2070826292037964, 0.5815123319625854, -0.7867401838302612, -1.5148509740829468], [0.0, 0.8041718602180481, 0.5943968296051025, 0.48007017374038696], [0.0, 0.0, 0.0, 1.0]]}, {"file_path": "./train/r_8", "transform_matrix": [[0.9840624332427979, -0.1056813970208168, 0.14301250874996185, 0.2754096984863281], [0.17782332003116608, 0.5848338603973389, -0.7914217114448547, -1.5240989923477173], [-7.450580596923828e-09, 0.8042392134666443, 0.5943056344985962, 0.48007017374038696], [0.0, 0.0, 0.0, 1.0]]}, {"file_path": "./train/r_9", "transform_matrix": [[0.9886033535003662, -0.08941052109003067, 0.12111698091030121, 0.2333972007036209], [0.15054424107074738, 0.5871465802192688, -0.7953585386276245, -1.5326873064041138], [0.0, 0.8045275211334229, 0.5939152240753174, 0.48007017374038696], [0.0, 0.0, 0.0, 1.0]]}, {"file_path": "./train/r_10", "transform_matrix": [[0.9921114444732666, 0.07444260269403458, -0.10086274892091751, -0.1943933516740799], [-0.12535947561264038, 0.5891486406326294, -0.798241138458252, -1.5384547710418701], [3.725290298461914e-09, 0.804588258266449, 0.5938331484794617, 0.48007017374038696], [0.0, 0.0, 0.0, 1.0]]}, {"file_path": "./train/r_11", "transform_matrix": [[0.9921115636825562, -0.07444225251674652, 0.10086224228143692, 0.1943923830986023], [0.12535887956619263, 0.589148759841919, -0.7982410788536072, -1.5384546518325806], [0.0, 0.8045881390571594, 0.5938331484794617, 0.48007017374038696], [0.0, 0.0, 0.0, 1.0]]}, {"file_path": "./train/r_12", "transform_matrix": [[0.9947582483291626, -0.0607651025056839, 0.08224128186702728, 0.1583922803401947], [0.1022547110915184, 0.5911374092102051, -0.8000628352165222, -1.5408779382705688], [0.0, 0.8042786717414856, 0.594252347946167, 0.48007017374038696], [0.0, 0.0, 0.0, 1.0]]}, {"file_path": "./train/r_13", "transform_matrix": [[0.9966886639595032, -0.04833638668060303, 0.06538588553667068, 0.12588737905025482], [0.08131248503923416, 0.5924837589263916, -0.8014681935310364, -1.5430660247802734], [0.0, 0.8041309714317322, 0.5944521427154541, 0.48007017374038696], [0.0, 0.0, 0.0, 1.0]]}, {"file_path": "./train/r_14", "transform_matrix": [[0.9980371594429016, -0.037230122834444046, 0.05035760998725891, 0.09694778919219971], [0.06262563914060593, 0.5933200120925903, -0.8025269508361816, -1.5450140237808228], [-1.862645149230957e-09, 0.8041053414344788, 0.5944868922233582, 0.48007017374038696], [0.0, 0.0, 0.0, 1.0]]}, {"file_path": "./train/r_15", "transform_matrix": [[0.9994781017303467, -0.01919778436422348, 0.025982555001974106, 0.05004063993692398], [0.03230554610490799, 0.5939465165138245, -0.8038557171821594, -1.5481716394424438], [9.313225746154785e-10, 0.8042755126953125, 0.5942566990852356, 0.48007017374038696], [0.0, 0.0, 0.0, 1.0]]}, {"file_path": "./train/r_16", "transform_matrix": [[0.999783992767334, -0.012347773648798466, 0.01671949215233326, 0.03221037983894348], [0.020784825086593628, 0.5939480662345886, -0.8042348623275757, -1.5493718385696411], [0.0, 0.804408609867096, 0.5940764546394348, 0.48007017374038696], [0.0, 0.0, 0.0, 1.0]]}, {"file_path": "./train/r_17", "transform_matrix": [[0.9999309182167053, -0.0069798678159713745, 0.00945543684065342, 0.01822148822247982], [0.01175260916352272, 0.5938584208488464, -0.8044838309288025, -1.5503135919570923], [0.0, 0.8045393824577332, 0.5938993692398071, 0.48007017374038696], [0.0, 0.0, 0.0, 1.0]]}, {"file_path": "./train/r_18", "transform_matrix": [[0.9999991059303284, -0.0007832665578462183, 0.0010617427760735154, 0.0020469147711992264], [0.0013193953782320023, 0.5936551690101624, -0.8047184944152832, -1.5514023303985596], [0.0, 0.8047192096710205, 0.5936557054519653, 0.48007017374038696], [0.0, 0.0, 0.0, 1.0]]}, {"file_path": "./train/r_19", "transform_matrix": [[0.9886031150817871, 0.0894111692905426, -0.12111787497997284, -0.2333989292383194], [-0.15054532885551453, 0.5871464610099792, -0.7953584790229797, -1.5326871871948242], [0.0, 0.8045276403427124, 0.5939152240753174, 0.48007017374038696], [0.0, 0.0, 0.0, 1.0]]}, {"file_path": "./train/r_20", "transform_matrix": [[1.0, 0.0, 0.0, 0.0], [0.0, 0.5936218500137329, -0.8047441244125366, -1.5515401363372803], [0.0, 0.8047441244125366, 0.5936218500137329, 0.48007017374038696], [0.0, 0.0, 0.0, 1.0]]}, {"file_path": "./train/r_21", "transform_matrix": [[0.9783233404159546, 0.1230897456407547, -0.16653069853782654, -0.32065123319625854], [-0.20708347856998444, 0.5815122127532959, -0.7867400646209717, -1.5148508548736572], [0.0, 0.8041718602180481, 0.5943967700004578, 0.48007017374038696], [0.0, 0.0, 0.0, 1.0]]}, {"file_path": "./train/r_22", "transform_matrix": [[0.9712239503860474, 0.14149945974349976, -0.19157741963863373, -0.3690524101257324], [-0.23816800117492676, 0.5770198106765747, -0.7812324166297913, -1.504956603050232], [0.0, 0.8043792247772217, 0.5941161513328552, 0.48007017374038696], [0.0, 0.0, 0.0, 1.0]]}, {"file_path": "./train/r_23", "transform_matrix": [[0.9626097679138184, 0.16081881523132324, -0.21799014508724213, -0.420253187417984], [-0.27089181542396545, 0.5714671015739441, -0.7746244668960571, -1.4933630228042603], [7.4505797087454084e-09, 0.8047128319740295, 0.593664288520813, 0.48007017374038696], [0.0, 0.0, 0.0, 1.0]]}, {"file_path": "./train/r_24", "transform_matrix": [[0.9522769451141357, 0.1813848465681076, -0.24549563229084015, -0.47281643748283386], [-0.30523523688316345, 0.5658867955207825, -0.7659005522727966, -1.475098967552185], [-1.4901159417490817e-08, 0.8042833805084229, 0.5942460298538208, 0.48007017374038696], [0.0, 0.0, 0.0, 1.0]]}, {"file_path": "./train/r_25", "transform_matrix": [[0.940035343170166, 0.2027100771665573, -0.27430325746536255, -0.5282304883003235], [-0.34107720851898193, 0.5586847066879272, -0.7560011148452759, -1.4558444023132324], [0.0, 0.8042263984680176, 0.5943230390548706, 0.48007017374038696], [0.0, 0.0, 0.0, 1.0]]}, {"file_path": "./train/r_26", "transform_matrix": [[0.9257434606552124, 0.22455084323883057, -0.3042629659175873, -0.5864297151565552], [-0.37815213203430176, 0.5497165322303772, -0.7448575496673584, -1.435621976852417], [-1.4901161193847656e-08, 0.8046045899391174, 0.5938109159469604, 0.48007017374038696], [0.0, 0.0, 0.0, 1.0]]}, {"file_path": "./train/r_27", "transform_matrix": [[0.9999991655349731, 0.0007835915894247591, -0.0010621832916513085, -0.0020477641373872757], [-0.0013199428794905543, 0.5936551690101624, -0.8047184348106384, -1.55140221118927], [0.0, 0.804719090461731, 0.5936557054519653, 0.48007017374038696], [0.0, 0.0, 0.0, 1.0]]}, {"file_path": "./train/r_28", "transform_matrix": [[0.8903099298477173, 0.27064278721809387, -0.3661976754665375, -0.7051546573638916], [-0.45535507798194885, 0.5291606187820435, -0.7159894704818726, -1.3787178993225098], [0.0, 0.8042023777961731, 0.5943555235862732, 0.48007017374038696], [0.0, 0.0, 0.0, 1.0]]}, {"file_path": "./train/r_29", "transform_matrix": [[0.8688344955444336, 0.29400739073753357, -0.39835456013679504, -0.7677536606788635], [-0.49510273337364197, 0.5159409046173096, -0.6990552544593811, -1.3472979068756104], [0.0, 0.8045896291732788, 0.5938311219215393, 0.48007017374038696], [0.0, 0.0, 0.0, 1.0]]}, {"file_path": "./train/r_30", "transform_matrix": [[0.8447007536888123, 0.31805917620658875, -0.43048712611198425, -0.829115629196167], [-0.535239040851593, 0.5019528865814209, -0.6793838739395142, -1.308489203453064], [-1.4901162970204496e-08, 0.8042895197868347, 0.5942376255989075, 0.48007017374038696], [0.0, 0.0, 0.0, 1.0]]}, {"file_path": "./train/r_31", "transform_matrix": [[0.8176839351654053, 0.34213724732398987, -0.4629634618759155, -0.8915241956710815], [-0.5756675004959106, 0.4859752058982849, -0.6575979590415955, -1.2663300037384033], [0.0, 0.8042202591896057, 0.5943313837051392, 0.48007017374038696], [0.0, 0.0, 0.0, 1.0]]}, {"file_path": "./train/r_32", "transform_matrix": [[0.787785530090332, 0.3657394051551819, -0.4956095218658447, -0.9552745819091797], [-0.6159497499465942, 0.4677722454071045, -0.6338731050491333, -1.2217741012573242], [1.4901161193847656e-08, 0.80462646484375, 0.5937812924385071, 0.48007017374038696], [0.0, 0.0, 0.0, 1.0]]}, {"file_path": "./train/r_33", "transform_matrix": [[0.6796119213104248, 0.4359678030014038, -0.5899659395217896, -1.1361359357833862], [-0.7335719466209412, 0.4038989543914795, -0.546569287776947, -1.052564263343811], [1.4901161193847656e-08, 0.804237425327301, 0.5943081974983215, 0.48007017374038696], [0.0, 0.0, 0.0, 1.0]]}, {"file_path": "./train/r_34", "transform_matrix": [[0.6372116208076477, 0.45798102021217346, -0.6198505163192749, -1.1938056945800781], [-0.7706889510154724, 0.3786622881889343, -0.5124973058700562, -0.9870480298995972], [-2.980232594040899e-08, 0.8042811751365662, 0.59424889087677, 0.48007017374038696], [0.0, 0.0, 0.0, 1.0]]}, {"file_path": "./train/r_35", "transform_matrix": [[0.9999862313270569, 0.003117999527603388, -0.004225484561175108, -0.008144908584654331], [-0.005251346621662378, 0.5937442183494568, -0.8046367168426514, -1.5509918928146362], [2.3283064365386963e-10, 0.8046478033065796, 0.593752384185791, 0.48007017374038696], [0.0, 0.0, 0.0, 1.0]]}, {"file_path": "./train/r_36", "transform_matrix": [[0.5917560458183289, 0.4789212644100189, -0.6484282612800598, -1.2491397857666016], [-0.8061171770095825, 0.35156741738319397, -0.4759994447231293, -0.9169709086418152], [0.0, 0.804384708404541, 0.5941087603569031, 0.48007017374038696], [0.0, 0.0, 0.0, 1.0]]}, {"file_path": "./train/r_37", "transform_matrix": [[0.543088436126709, 0.49904096126556396, -0.6752873063087463, -1.3004059791564941], [-0.8396755456924438, 0.3227715492248535, -0.43676480650901794, -0.8410813212394714], [0.0, 0.8042241334915161, 0.5943259596824646, 0.48007017374038696], [0.0, 0.0, 0.0, 1.0]]}, {"file_path": "./train/r_38", "transform_matrix": [[0.49147382378578186, 0.5172339677810669, -0.7006586790084839, -1.3502031564712524], [-0.8708924055099487, 0.29189249873161316, -0.39540520310401917, -0.7619649171829224], [0.0, 0.80452960729599, 0.5939125418663025, 0.48007017374038696], [0.0, 0.0, 0.0, 1.0]]}, {"file_path": "./train/r_39", "transform_matrix": [[0.43683749437332153, 0.5346270203590393, -0.7234271764755249, -1.3930915594100952], [-0.8995404839515686, 0.2596271336078644, -0.3513128161430359, -0.6765171885490417], [0.0, 0.804218590259552, 0.5943335294723511, 0.48007017374038696], [0.0, 0.0, 0.0, 1.0]]}, {"file_path": "./train/r_40", "transform_matrix": [[0.31943759322166443, 0.5632031559944153, -0.762077271938324, -1.4674975872039795], [-0.9476073980331421, 0.18985527753829956, -0.2568955719470978, -0.4946921765804291], [-1.4901162970204496e-08, 0.8042120933532715, 0.5943423509597778, 0.48007017374038696], [0.0, 0.0, 0.0, 1.0]]}, {"file_path": "./train/r_41", "transform_matrix": [[0.2570449709892273, 0.5738016963005066, -0.7776114344596863, -1.4988996982574463], [-0.9663995504379272, 0.15262097120285034, -0.2068307101726532, -0.3986804783344269], [0.0, 0.8046479821205139, 0.5937520861625671, 0.48007017374038696], [0.0, 0.0, 0.0, 1.0]]}, {"file_path": "./train/r_42", "transform_matrix": [[0.19241556525230408, 0.583286702632904, -0.7891469597816467, -1.5194929838180542], [-0.9813136458396912, 0.11437059938907623, -0.15473559498786926, -0.29794153571128845], [-7.450581485102248e-09, 0.8041741251945496, 0.594393789768219, 0.48007017374038696], [0.0, 0.0, 0.0, 1.0]]}, {"file_path": "./train/r_43", "transform_matrix": [[0.12596021592617035, 0.5890898108482361, -0.7981898188591003, -1.538391351699829], [-0.9920353293418884, 0.074797622859478, -0.10134735703468323, -0.1953318566083908], [7.450581485102248e-09, 0.804598331451416, 0.5938194394111633, 0.48007017374038696], [0.0, 0.0, 0.0, 1.0]]}, {"file_path": "./train/r_44", "transform_matrix": [[0.05784996598958969, 0.5934784412384033, -0.8027681112289429, -1.5455116033554077], [-0.9983253479003906, 0.03439030051231384, -0.04651800915598869, -0.08955777436494827], [1.862645371275562e-09, 0.8041147589683533, 0.5944740772247314, 0.48007017374038696], [0.0, 0.0, 0.0, 1.0]]}, {"file_path": "./train/r_45", "transform_matrix": [[0.9999309778213501, 0.0069801462814211845, -0.009455814026296139, -0.01822221465408802], [-0.011753078550100327, 0.5938583612442017, -0.8044837713241577, -1.5503134727478027], [-4.656612873077393e-10, 0.8045393824577332, 0.5938993692398071, 0.48007017374038696], [0.0, 0.0, 0.0, 1.0]]}, {"file_path": "./train/r_46", "transform_matrix": [[-0.011419020593166351, 0.5938533544540405, -0.804492175579071, -1.5503484010696411], [-0.9999348521232605, -0.006781666073948145, 0.009187111631035805, 0.017704613506793976], [0.0, 0.8045446276664734, 0.5938921570777893, 0.48007017374038696], [0.0, 0.0, 0.0, 1.0]]}, {"file_path": "./train/r_47", "transform_matrix": [[-0.08163423091173172, 0.5924662947654724, -0.801448404788971, -1.5430326461791992], [-0.9966623783111572, -0.04852749779820442, 0.06564472615718842, 0.1263861209154129], [3.725290298461914e-09, 0.804132342338562, 0.5944502949714661, 0.48007017374038696], [0.0, 0.0, 0.0, 1.0]]}, {"file_path": "./train/r_48", "transform_matrix": [[-0.15220323204994202, 0.587027370929718, -0.7951308488845825, -1.532165765762329], [-0.9883492588996887, -0.09040070325136185, 0.12244809418916702, 0.2359495759010315], [0.0, 0.8045039772987366, 0.5939472913742065, 0.48007017374038696], [0.0, 0.0, 0.0, 1.0]]}, {"file_path": "./train/r_49", "transform_matrix": [[-0.22291721403598785, 0.5793487429618835, -0.7840044498443604, -1.5098217725753784], [-0.9748374223709106, -0.13248035311698914, 0.17927920818328857, 0.3452526926994324], [0.0, 0.8042412400245667, 0.5943030118942261, 0.48007017374038696], [0.0, 0.0, 0.0, 1.0]]}, {"file_path": "./train/r_50", "transform_matrix": [[-0.29309651255607605, 0.568005383014679, -0.7690671682357788, -1.4815709590911865], [-0.9560829401016235, -0.17412757873535156, 0.2357650250196457, 0.4541899859905243], [0.0, 0.8043938279151917, 0.5940963625907898, 0.48007017374038696], [0.0, 0.0, 0.0, 1.0]]}, {"file_path": "./train/r_51", "transform_matrix": [[-0.36254534125328064, 0.5536826252937317, -0.7496641874313354, -1.4441792964935303], [-0.931966245174408, -0.21538877487182617, 0.29162779450416565, 0.5618019700050354], [-1.4901162970204496e-08, 0.804390013217926, 0.59410160779953, 0.48007017374038696], [0.0, 0.0, 0.0, 1.0]]}, {"file_path": "./train/r_52", "transform_matrix": [[-0.4305402934551239, 0.5363882184028625, -0.7258944511413574, -1.3979476690292358], [-0.9025713801383972, -0.25586533546447754, 0.34626272320747375, 0.6668423414230347], [1.4901161193847656e-08, 0.8042516112327576, 0.5942889451980591, 0.48007017374038696], [0.0, 0.0, 0.0, 1.0]]}, {"file_path": "./train/r_53", "transform_matrix": [[-0.4968329668045044, 0.5153183341026306, -0.6982865333557129, -1.3459097146987915], [-0.8678462505340576, -0.2950143814086914, 0.39976179599761963, 0.7705193161964417], [1.4901161193847656e-08, 0.8046201467514038, 0.5937899351119995, 0.48007017374038696], [0.0, 0.0, 0.0, 1.0]]}, {"file_path": "./train/r_54", "transform_matrix": [[-0.5607941746711731, 0.4921388030052185, -0.6658147573471069, -1.2819992303848267], [-0.8279552459716797, -0.33333754539489746, 0.4509724974632263, 0.8683291673660278], [1.4901161193847656e-08, 0.8041675686836243, 0.5944026708602905, 0.48007017374038696], [0.0, 0.0, 0.0, 1.0]]}, {"file_path": "./train/r_55", "transform_matrix": [[-0.6220037341117859, 0.4650654196739197, -0.6299408674240112, -1.2138653993606567], [-0.7830144166946411, -0.3694343864917755, 0.5004066228866577, 0.9642592668533325], [0.0, 0.8045076131820679, 0.593942403793335, 0.48007017374038696], [0.0, 0.0, 0.0, 1.0]]}, {"file_path": "./train/r_56", "transform_matrix": [[0.999783992767334, 0.012347805313766003, -0.016719534993171692, -0.03221046179533005], [-0.020784879103302956, 0.5939480662345886, -0.8042348623275757, -1.5493718385696411], [0.0, 0.804408609867096, 0.5940764546394348, 0.48007017374038696], [0.0, 0.0, 0.0, 1.0]]}, {"file_path": "./train/r_57", "transform_matrix": [[-0.7847024202346802, 0.36813512444496155, -0.4987170994281769, -0.9610912203788757], [-0.6198727488517761, -0.46602553129196167, 0.6313304305076599, 1.2166539430618286], [0.0, 0.8045475482940674, 0.5938882231712341, 0.48007017374038696], [0.0, 0.0, 0.0, 1.0]]}, {"file_path": "./train/r_58", "transform_matrix": [[-0.8304804563522339, 0.3311096727848053, -0.4479604661464691, -0.8625321984291077], [-0.5570477843284607, -0.4936383068561554, 0.6678465604782104, 1.2859151363372803], [1.4901161193847656e-08, 0.8041689395904541, 0.5944008827209473, 0.48007017374038696], [0.0, 0.0, 0.0, 1.0]]}, {"file_path": "./train/r_59", "transform_matrix": [[-0.8713943362236023, 0.29137280583381653, -0.3946819603443146, -0.7605469822883606], [-0.49058330059051514, -0.5175483822822571, 0.7010504007339478, 1.3509149551391602], [1.4901161193847656e-08, 0.8045157194137573, 0.5939314365386963, 0.48007017374038696], [0.0, 0.0, 0.0, 1.0]]}, {"file_path": "./train/r_60", "transform_matrix": [[-0.9071612358093262, 0.25002244114875793, -0.33844849467277527, -0.6519094109535217], [-0.4207833409309387, -0.5390200614929199, 0.7296566367149353, 1.4054428339004517], [0.0, 0.8043296933174133, 0.5941832661628723, 0.48007017374038696], [0.0, 0.0, 0.0, 1.0]]}, {"file_path": "./train/r_61", "transform_matrix": [[-0.9373888373374939, 0.20697574317455292, -0.2801131010055542, -0.5394654273986816], [-0.34828484058380127, -0.5570634007453918, 0.7539084553718567, 1.4519404172897339], [0.0, 0.8042645454406738, 0.5942714810371399, 0.48007017374038696], [0.0, 0.0, 0.0, 1.0]]}, {"file_path": "./train/r_62", "transform_matrix": [[-0.9619171619415283, 0.16228877007961273, -0.21994970738887787, -0.42398977279663086], [-0.27334141731262207, -0.5711112022399902, 0.774026095867157, 1.4920644760131836], [0.0, 0.8046702742576599, 0.5937219262123108, 0.48007017374038696], [0.0, 0.0, 0.0, 1.0]]}, {"file_path": "./train/r_63", "transform_matrix": [[-0.980483889579773, 0.11685961484909058, -0.15809908509254456, -0.30441293120384216], [-0.1965998411178589, -0.5828030109405518, 0.7884727120399475, 1.5181699991226196], [-7.450580596923828e-09, 0.8041670322418213, 0.5944034457206726, 0.48007017374038696], [0.0, 0.0, 0.0, 1.0]]}, {"file_path": "./train/r_64", "transform_matrix": [[-0.9929491281509399, 0.07041146606206894, -0.09536480903625488, -0.1837521195411682], [-0.11854207515716553, -0.5897905826568604, 0.7988083958625793, 1.5391708612442017], [3.725290742551124e-09, 0.8044807314872742, 0.5939787030220032, 0.48007017374038696], [0.0, 0.0, 0.0, 1.0]]}, {"file_path": "./train/r_65", "transform_matrix": [[-0.9992172718048096, 0.023511117324233055, -0.031813059002161026, -0.06126080080866814], [-0.03955810144543648, -0.5938787460327148, 0.8035814762115479, 1.54741632938385], [-1.862645149230957e-09, 0.8042109608650208, 0.594343900680542, 0.48007017374038696], [0.0, 0.0, 0.0, 1.0]]}, {"file_path": "./train/r_66", "transform_matrix": [[-0.9992172718048096, -0.02351253107190132, 0.031814977526664734, 0.061264488846063614], [0.03956048563122749, -0.5938786268234253, 0.8035814762115479, 1.547416090965271], [0.0, 0.804210901260376, 0.5943439602851868, 0.48007017374038696], [0.0, 0.0, 0.0, 1.0]]}, {"file_path": "./train/r_67", "transform_matrix": [[-0.9929488301277161, -0.07041243463754654, 0.09536614269018173, 0.18375471234321594], [0.11854371428489685, -0.589790403842926, 0.7988082766532898, 1.5391708612442017], [0.0, 0.804480791091919, 0.5939786434173584, 0.48007017374038696], [0.0, 0.0, 0.0, 1.0]]}, {"file_path": "./train/r_68", "transform_matrix": [[-0.9804834127426147, -0.11686082929372787, 0.15810075402259827, 0.3044161796569824], [0.19660189747810364, -0.5828026533126831, 0.7884724140167236, 1.518169641494751], [0.0, 0.8041670918464661, 0.5944033861160278, 0.48007017374038696], [0.0, 0.0, 0.0, 1.0]]}, {"file_path": "./train/r_69", "transform_matrix": [[-0.9619165658950806, -0.16229000687599182, 0.2199513167142868, 0.4239928722381592], [0.27334344387054443, -0.5711109638214111, 0.774025559425354, 1.4920635223388672], [0.0, 0.8046702742576599, 0.5937219262123108, 0.48007017374038696], [0.0, 0.0, 0.0, 1.0]]}, {"file_path": "./train/r_70", "transform_matrix": [[-0.8713934421539307, -0.29137369990348816, 0.39468321204185486, 0.7605494856834412], [0.4905848503112793, -0.5175479054450989, 0.7010497450828552, 1.3509138822555542], [1.4901161193847656e-08, 0.8045157790184021, 0.5939313173294067, 0.48007017374038696], [0.0, 0.0, 0.0, 1.0]]}, {"file_path": "./train/r_71", "transform_matrix": [[-0.830479621887207, -0.33111047744750977, 0.4479615092277527, 0.86253422498703], [0.5570490956306458, -0.4936378002166748, 0.6678458452224731, 1.2859138250350952], [-2.9802322387695312e-08, 0.8041689395904541, 0.5944008827209473, 0.48007017374038696], [0.0, 0.0, 0.0, 1.0]]}, {"file_path": "./train/r_72", "transform_matrix": [[-0.7847014665603638, -0.36813580989837646, 0.4987180233001709, 0.961093008518219], [0.6198738813400269, -0.4660249650478363, 0.6313295960426331, 1.2166523933410645], [1.4901161193847656e-08, 0.8045475482940674, 0.5938882231712341, 0.48007017374038696], [0.0, 0.0, 0.0, 1.0]]}, {"file_path": "./train/r_73", "transform_matrix": [[0.9989290237426758, 0.02750301919877529, -0.03720846399664879, -0.0716429054737091], [-0.04626971110701561, 0.593769907951355, -0.8033033609390259, -1.546717643737793], [-1.862645371275562e-09, 0.8041646480560303, 0.5944066047668457, 0.48007017374038696], [0.0, 0.0, 0.0, 1.0]]}, {"file_path": "./train/r_74", "transform_matrix": [[-0.680066704750061, -0.4357127249240875, 0.5896301865577698, 1.1355011463165283], [0.7331503033638, -0.40416502952575684, 0.5469381213188171, 1.0532853603363037], [1.4901161193847656e-08, 0.804241955280304, 0.5943020582199097, 0.48007017374038696], [0.0, 0.0, 0.0, 1.0]]}, {"file_path": "./train/r_75", "transform_matrix": [[-0.622002363204956, -0.4650661051273346, 0.6299417614936829, 1.2138671875], [0.7830154299736023, -0.36943358182907104, 0.5004055500030518, 0.9642571806907654], [-1.4901161193847656e-08, 0.8045076131820679, 0.593942403793335, 0.48007017374038696], [0.0, 0.0, 0.0, 1.0]]}, {"file_path": "./train/r_76", "transform_matrix": [[-0.5607926845550537, -0.49213939905166626, 0.665815532207489, 1.2820006608963013], [0.8279562592506409, -0.3333366811275482, 0.4509712755680084, 0.8683268427848816], [1.4901161193847656e-08, 0.8041675686836243, 0.5944026708602905, 0.48007017374038696], [0.0, 0.0, 0.0, 1.0]]}, {"file_path": "./train/r_77", "transform_matrix": [[-0.49683141708374023, -0.5153188109397888, 0.6982872486114502, 1.345910906791687], [0.8678470849990845, -0.2950134575366974, 0.39976054430007935, 0.7705168128013611], [1.4901161193847656e-08, 0.804620087146759, 0.5937899947166443, 0.48007017374038696], [0.0, 0.0, 0.0, 1.0]]}, {"file_path": "./train/r_78", "transform_matrix": [[-0.43053847551345825, -0.5363886952400208, 0.7258951663970947, 1.397948980331421], [0.9025722146034241, -0.2558642625808716, 0.34626126289367676, 0.6668395400047302], [1.4901161193847656e-08, 0.8042516112327576, 0.5942889451980591, 0.48007017374038696], [0.0, 0.0, 0.0, 1.0]]}, {"file_path": "./train/r_79", "transform_matrix": [[-0.3625427186489105, -0.5536832809448242, 0.7496649622917175, 1.4441806077957153], [0.9319671988487244, -0.2153872549533844, 0.2916257083415985, 0.5617979168891907], [0.0, 0.8043898940086365, 0.5941016674041748, 0.48007017374038696], [0.0, 0.0, 0.0, 1.0]]}, {"file_path": "./train/r_80", "transform_matrix": [[-0.29309535026550293, -0.5680055618286133, 0.7690675258636475, 1.4815714359283447], [0.9560831785202026, -0.17412687838077545, 0.23576413094997406, 0.4541882276535034], [0.0, 0.8043938875198364, 0.5940964221954346, 0.48007017374038696], [0.0, 0.0, 0.0, 1.0]]}, {"file_path": "./train/r_81", "transform_matrix": [[-0.22291570901870728, -0.5793490409851074, 0.7840046286582947, 1.5098220109939575], [0.9748377799987793, -0.1324794739484787, 0.17927797138690948, 0.34525027871131897], [0.0, 0.8042411208152771, 0.5943030714988708, 0.48007017374038696], [0.0, 0.0, 0.0, 1.0]]}, {"file_path": "./train/r_82", "transform_matrix": [[0.9980370402336121, 0.037230439484119415, -0.05035804584622383, -0.09694863855838776], [-0.0626261830329895, 0.5933198928833008, -0.8025269508361816, -1.5450141429901123], [-1.862645149230957e-09, 0.8041053414344788, 0.5944868326187134, 0.48007017374038696], [0.0, 0.0, 0.0, 1.0]]}, {"file_path": "./train/r_83", "transform_matrix": [[-0.08163347095251083, -0.5924663543701172, 0.8014484643936157, 1.5430326461791992], [0.9966624975204468, -0.04852704703807831, 0.06564410775899887, 0.1263849139213562], [0.0, 0.804132342338562, 0.5944503545761108, 0.48007017374038696], [0.0, 0.0, 0.0, 1.0]]}, {"file_path": "./train/r_84", "transform_matrix": [[-0.011418179608881474, -0.5938533544540405, 0.804492175579071, 1.5503484010696411], [0.9999348521232605, -0.006781166885048151, 0.009186435490846634, 0.017703311517834663], [0.0, 0.8045446276664734, 0.5938921570777893, 0.48007017374038696], [0.0, 0.0, 0.0, 1.0]]}, {"file_path": "./train/r_85", "transform_matrix": [[0.057850636541843414, -0.5934784412384033, 0.8027681112289429, 1.5455116033554077], [0.9983253479003906, 0.03439069911837578, -0.04651854932308197, -0.08955880999565125], [0.0, 0.8041147589683533, 0.5944740772247314, 0.48007017374038696], [0.0, 0.0, 0.0, 1.0]]}, {"file_path": "./train/r_86", "transform_matrix": [[0.1259617656469345, -0.5890896916389465, 0.7981896996498108, 1.538391351699829], [0.9920351505279541, 0.07479853928089142, -0.10134860873222351, -0.1953342854976654], [-3.725291186640334e-09, 0.8045982718467712, 0.5938193798065186, 0.48007017374038696], [0.0, 0.0, 0.0, 1.0]]}, {"file_path": "./train/r_87", "transform_matrix": [[0.19241636991500854, -0.5832865238189697, 0.7891468405723572, 1.5194929838180542], [0.9813134670257568, 0.11437107622623444, -0.1547362506389618, -0.2979428172111511], [0.0, 0.8041741251945496, 0.5943937301635742, 0.48007017374038696], [0.0, 0.0, 0.0, 1.0]]}, {"file_path": "./train/r_88", "transform_matrix": [[0.25704583525657654, -0.5738014578819275, 0.777611255645752, 1.4988995790481567], [0.9663993120193481, 0.15262146294116974, -0.2068314254283905, -0.3986819088459015], [7.450581485102248e-09, 0.8046480417251587, 0.5937520265579224, 0.48007017374038696], [0.0, 0.0, 0.0, 1.0]]}, {"file_path": "./train/r_89", "transform_matrix": [[0.31943872570991516, -0.5632029175758362, 0.7620769739151001, 1.4674971103668213], [0.9476069808006287, 0.18985596299171448, -0.2568964958190918, -0.49469393491744995], [0.0, 0.8042120933532715, 0.5943423509597778, 0.48007017374038696], [0.0, 0.0, 0.0, 1.0]]}, {"file_path": "./train/r_90", "transform_matrix": [[0.3794845938682556, -0.5493650436401367, 0.7444390654563904, 1.4348880052566528], [0.9251980781555176, 0.22533074021339417, -0.3053434193134308, -0.5885419249534607], [-1.4901161193847656e-08, 0.8046267628669739, 0.5937809348106384, 0.48007017374038696], [0.0, 0.0, 0.0, 1.0]]}, {"file_path": "./train/r_91", "transform_matrix": [[0.4368382692337036, -0.534626841545105, 0.7234269380569458, 1.393091082572937], [0.8995401859283447, 0.2596275806427002, -0.35131344199180603, -0.6765183806419373], [1.4901162970204496e-08, 0.804218590259552, 0.5943335294723511, 0.48007017374038696], [0.0, 0.0, 0.0, 1.0]]}, {"file_path": "./train/r_92", "transform_matrix": [[0.9966886043548584, 0.048336781561374664, -0.06538643687963486, -0.12588845193386078], [-0.08131316304206848, 0.592483639717102, -0.8014682531356812, -1.543066143989563], [-3.725290298461914e-09, 0.804131031036377, 0.5944521427154541, 0.48007017374038696], [0.0, 0.0, 0.0, 1.0]]}, {"file_path": "./train/r_93", "transform_matrix": [[0.5430887937545776, -0.4990408718585968, 0.675287127494812, 1.3004056215286255], [0.8396753072738647, 0.3227717876434326, -0.43676507472991943, -0.8410818576812744], [-1.4901164746561335e-08, 0.8042241334915161, 0.5943259596824646, 0.48007017374038696], [0.0, 0.0, 0.0, 1.0]]}, {"file_path": "./train/r_94", "transform_matrix": [[0.6372117400169373, -0.4579809308052063, 0.6198505163192749, 1.1938056945800781], [0.7706888914108276, 0.3786623477935791, -0.5124973654747009, -0.9870481491088867], [-2.980232594040899e-08, 0.8042811751365662, 0.59424889087677, 0.48007017374038696], [0.0, 0.0, 0.0, 1.0]]}, {"file_path": "./train/r_95", "transform_matrix": [[0.7187620997428894, -0.41298773884773254, 0.5593050718307495, 1.077634334564209], [0.6952561736106873, 0.42695051431655884, -0.578214704990387, -1.1140682697296143], [-1.4901162970204496e-08, 0.8044589757919312, 0.5940081477165222, 0.48007017374038696], [0.0, 0.0, 0.0, 1.0]]}, {"file_path": "./train/r_96", "transform_matrix": [[0.7548342943191528, -0.38989245891571045, 0.5274552702903748, 1.0155558586120605], [0.6559155583381653, 0.4486922025680542, -0.6070008873939514, -1.1687120199203491], [0.0, 0.8041512370109558, 0.5944247841835022, 0.48007017374038696], [0.0, 0.0, 0.0, 1.0]]}, {"file_path": "./train/r_97", "transform_matrix": [[0.8176841139793396, -0.34213703870773315, 0.46296313405036926, 0.8915235996246338], [0.5756672024726868, 0.4859752953052521, -0.657598078250885, -1.2663302421569824], [1.4901164746561335e-08, 0.8042201399803162, 0.5943313837051392, 0.48007017374038696], [0.0, 0.0, 0.0, 1.0]]}, {"file_path": "./train/r_98", "transform_matrix": [[0.844701886177063, -0.3180580139160156, 0.4304856061935425, 0.829112708568573], [0.5352370738983154, 0.501953661441803, -0.6793848872184753, -1.3084912300109863], [-1.4901161193847656e-08, 0.8042895197868347, 0.5942376255989075, 0.48007017374038696], [0.0, 0.0, 0.0, 1.0]]}, {"file_path": "./train/r_99", "transform_matrix": [[0.8688349723815918, -0.2940068542957306, 0.39835384488105774, 0.7677522897720337], [0.4951018691062927, 0.5159411430358887, -0.6990556120872498, -1.347298502922058], [0.0, 0.8045896291732788, 0.5938311219215393, 0.48007017374038696], [0.0, 0.0, 0.0, 1.0]]}]}