{"camera_angle_x": 1.40241539478302, "frames": [{"file_path": "./train/r_0", "transform_matrix": [[0.9999999403953552, 0.0, 0.0, 0.0], [0.0, 0.6141811609268188, -0.7891650795936584, -1.637520432472229], [0.0, 0.7891650199890137, 0.6141811013221741, 1.0], [0.0, 0.0, 0.0, 1.0]]}, {"file_path": "./train/r_1", "transform_matrix": [[0.9947581887245178, 0.06286737322807312, -0.08064630627632141, -0.16717062890529633], [-0.10225523263216019, 0.6115856766700745, -0.7845425009727478, -1.626267433166504], [0.0, 0.7886765003204346, 0.6148084402084351, 1.0], [0.0, 0.0, 0.0, 1.0]]}, {"file_path": "./train/r_2", "transform_matrix": [[0.8903102278709412, -0.28000253438949585, 0.3590909540653229, 0.7442305088043213], [0.4553544819355011, 0.5474616289138794, -0.7020955085754395, -1.4551212787628174], [0.0, 0.7885964512825012, 0.6149110794067383, 1.0], [0.0, 0.0, 0.0, 1.0]]}, {"file_path": "./train/r_3", "transform_matrix": [[0.909247100353241, -0.2558630108833313, 0.328334778547287, 0.6807471513748169], [0.4162565767765045, 0.5588924884796143, -0.7171956896781921, -1.486985206604004], [1.4901158529312397e-08, 0.7887796759605408, 0.6146761178970337, 1.0], [0.0, 0.0, 0.0, 1.0]]}, {"file_path": "./train/r_4", "transform_matrix": [[0.9522773623466492, -0.18765856325626373, 0.24073246121406555, 0.4990161061286926], [0.30523407459259033, 0.5854620933532715, -0.7510434985160828, -1.556843638420105], [1.4901160305669237e-08, 0.7886813879013062, 0.6148021817207336, 1.0], [0.0, 0.0, 0.0, 1.0]]}, {"file_path": "./train/r_5", "transform_matrix": [[0.9626101851463318, -0.1663871556520462, 0.21376831829547882, 0.4435395300388336], [0.27089032530784607, 0.591257631778717, -0.7596268057823181, -1.5761200189590454], [-1.4901160305669237e-08, 0.789132297039032, 0.614223301410675, 1.0], [0.0, 0.0, 0.0, 1.0]]}, {"file_path": "./train/r_6", "transform_matrix": [[0.9712240099906921, -0.1463952660560608, 0.18786244094371796, 0.38950327038764954], [0.23816770315170288, 0.5969852209091187, -0.7660841345787048, -1.5883551836013794], [-7.4505792646561986e-09, 0.7887820601463318, 0.6146730184555054, 1.0], [0.0, 0.0, 0.0, 1.0]]}, {"file_path": "./train/r_7", "transform_matrix": [[0.9783234000205994, -0.12734591960906982, 0.16329801082611084, 0.338419109582901], [0.20708264410495758, 0.6016221046447754, -0.7714710831642151, -1.5987980365753174], [0.0, 0.7885644435882568, 0.6149521470069885, 1.0], [0.0, 0.0, 0.0, 1.0]]}, {"file_path": "./train/r_8", "transform_matrix": [[0.9840624332427979, -0.10933668166399002, 0.1402377188205719, 0.29067182540893555], [0.17782330513000488, 0.6050620079040527, -0.776066243648529, -1.6085586547851562], [-7.450580596923828e-09, 0.7886351943016052, 0.6148613691329956, 1.0], [0.0, 0.0, 0.0, 1.0]]}, {"file_path": "./train/r_9", "transform_matrix": [[0.9921113848686218, 0.07701977342367172, -0.09890880435705185, -0.20516587793827057], [-0.1253594607114792, 0.6095446944236755, -0.7827773690223694, -1.6237099170684814], [3.725290076417309e-09, 0.7890014052391052, 0.6143913865089417, 1.0], [0.0, 0.0, 0.0, 1.0]]}, {"file_path": "./train/r_10", "transform_matrix": [[0.9921114444732666, -0.07701939344406128, 0.09890830516815186, 0.2051648497581482], [0.12535884976387024, 0.6095446944236755, -0.7827773094177246, -1.623709797859192], [0.0, 0.7890013456344604, 0.6143913865089417, 1.0], [0.0, 0.0, 0.0, 1.0]]}, {"file_path": "./train/r_11", "transform_matrix": [[0.9947581887245178, -0.06286705285310745, 0.08064588904380798, 0.16716976463794708], [0.10225469619035721, 0.6115857362747192, -0.7845425009727478, -1.626267433166504], [0.0, 0.7886764407157898, 0.6148084402084351, 1.0], [0.0, 0.0, 0.0, 1.0]]}, {"file_path": "./train/r_12", "transform_matrix": [[0.9966886639595032, -0.05000775679945946, 0.06411664187908173, 0.13286356627941132], [0.08131247758865356, 0.6129706501960754, -0.7859105467796326, -1.6285767555236816], [3.725290076417309e-09, 0.7885215878486633, 0.6150071620941162, 1.0], [0.0, 0.0, 0.0, 1.0]]}, {"file_path": "./train/r_13", "transform_matrix": [[0.998928964138031, -0.028454406186938286, 0.0364866778254509, 0.07561385631561279], [0.04627018794417381, 0.6143033504486084, -0.7877123355865479, -1.6324304342269897], [-1.8626448161640496e-09, 0.7885568141937256, 0.6149619817733765, 1.0], [0.0, 0.0, 0.0, 1.0]]}, {"file_path": "./train/r_14", "transform_matrix": [[0.9994780421257019, -0.01986185647547245, 0.025478512048721313, 0.05281369760632515], [0.03230554237961769, 0.6144917607307434, -0.7882614731788635, -1.633965253829956], [1.862645371275562e-09, 0.7886731028556824, 0.6148126125335693, 1.0], [0.0, 0.0, 0.0, 1.0]]}, {"file_path": "./train/r_15", "transform_matrix": [[0.9997839331626892, -0.01277504675090313, 0.016395337879657745, 0.03399535268545151], [0.02078482322394848, 0.6145005822181702, -0.7886425256729126, -1.6352319717407227], [9.313225191043273e-10, 0.7888129353523254, 0.6146333813667297, 1.0], [0.0, 0.0, 0.0, 1.0]]}, {"file_path": "./train/r_16", "transform_matrix": [[0.9999309182167053, -0.007221476640552282, 0.009272223338484764, 0.019231252372264862], [0.011752610094845295, 0.6144148111343384, -0.7888956665992737, -1.636225938796997], [0.0, 0.7889502048492432, 0.6144571900367737, 1.0], [0.0, 0.0, 0.0, 1.0]]}, {"file_path": "./train/r_17", "transform_matrix": [[0.9999990463256836, -0.000810392142739147, 0.001041186274960637, 0.002160346833989024], [0.0013193951454013586, 0.614214301109314, -0.7891382575035095, -1.637374997138977], [-5.820765050512655e-11, 0.789138913154602, 0.6142147779464722, 1.0], [0.0, 0.0, 0.0, 1.0]]}, {"file_path": "./train/r_18", "transform_matrix": [[0.9886030554771423, 0.0925060361623764, -0.11877091228961945, -0.24633298814296722], [-0.15054529905319214, 0.6074699759483337, -0.7799464464187622, -1.61762273311615], [7.4505792646561986e-09, 0.7889378666877747, 0.6144730448722839, 1.0], [0.0, 0.0, 0.0, 1.0]]}, {"file_path": "./train/r_19", "transform_matrix": [[0.9840622544288635, 0.10933711379766464, -0.14023827016353607, -0.2906729578971863], [-0.1778239905834198, 0.6050618886947632, -0.7760661840438843, -1.6085585355758667], [-7.450580152834618e-09, 0.7886351943016052, 0.6148613691329956, 1.0], [0.0, 0.0, 0.0, 1.0]]}, {"file_path": "./train/r_20", "transform_matrix": [[0.9783232808113098, 0.12734642624855042, -0.16329866647720337, -0.33842048048973083], [-0.20708347856998444, 0.6016219854354858, -0.7714709639549255, -1.5987979173660278], [0.0, 0.7885644435882568, 0.6149521470069885, 1.0], [0.0, 0.0, 0.0, 1.0]]}, {"file_path": "./train/r_21", "transform_matrix": [[0.9712238907814026, 0.14639544486999512, -0.18786267936229706, -0.3895038366317749], [-0.23816798627376556, 0.5969851016998291, -0.7660841345787048, -1.5883554220199585], [-7.4505792646561986e-09, 0.7887821197509766, 0.6146729588508606, 1.0], [0.0, 0.0, 0.0, 1.0]]}, {"file_path": "./train/r_22", "transform_matrix": [[0.9626098275184631, 0.16638807952404022, -0.21376949548721313, -0.4435419738292694], [-0.27089184522628784, 0.5912573337554932, -0.7596264481544495, -1.576119303703308], [0.0, 0.789132297039032, 0.614223301410675, 1.0], [0.0, 0.0, 0.0, 1.0]]}, {"file_path": "./train/r_23", "transform_matrix": [[0.952276885509491, 0.18765927851200104, -0.24073339998722076, -0.4990181028842926], [-0.30523523688316345, 0.5854618549346924, -0.7510432004928589, -1.5568431615829468], [0.0, 0.7886814475059509, 0.6148021221160889, 1.0], [0.0, 0.0, 0.0, 1.0]]}, {"file_path": "./train/r_24", "transform_matrix": [[0.9400352835655212, 0.2097211629152298, -0.26898086071014404, -0.5575029850006104], [-0.34107717871665955, 0.5780078768730164, -0.7413321733474731, -1.536521553993225], [1.4901160305669237e-08, 0.7886216640472412, 0.61487877368927, 1.0], [0.0, 0.0, 0.0, 1.0]]}, {"file_path": "./train/r_25", "transform_matrix": [[0.9257434606552124, 0.2323249876499176, -0.29836905002593994, -0.6189273595809937], [-0.378152072429657, 0.5687482357025146, -0.7304288744926453, -1.5151785612106323], [-1.4901161193847656e-08, 0.7890186309814453, 0.6143691539764404, 1.0], [0.0, 0.0, 0.0, 1.0]]}, {"file_path": "./train/r_26", "transform_matrix": [[0.9999991059303284, 0.0008107285830192268, -0.0010416182922199368, -0.0021612432319670916], [-0.0013199428794905543, 0.6142143607139587, -0.7891381978988647, -1.6373748779296875], [5.8207657444020455e-11, 0.789138913154602, 0.6142147779464722, 1.0], [0.0, 0.0, 0.0, 1.0]]}, {"file_path": "./train/r_27", "transform_matrix": [[0.9092467427253723, 0.2558634877204895, -0.32833537459373474, -0.6807485222816467], [-0.41625741124153137, 0.5588923096656799, -0.7171953320503235, -1.4869846105575562], [1.4901160305669237e-08, 0.7887796759605408, 0.6146760582923889, 1.0], [0.0, 0.0, 0.0, 1.0]]}, {"file_path": "./train/r_28", "transform_matrix": [[0.8903098702430725, 0.2800028324127197, -0.3590914309024811, -0.7442315816879272], [-0.4553550183773041, 0.5474613904953003, -0.7020953297615051, -1.4551210403442383], [1.4901160305669237e-08, 0.788596510887146, 0.6149110198020935, 1.0], [0.0, 0.0, 0.0, 1.0]]}, {"file_path": "./train/r_29", "transform_matrix": [[0.8688344955444336, 0.30418577790260315, -0.39063751697540283, -0.8102995753288269], [-0.4951027035713196, 0.5338025689125061, -0.6855130195617676, -1.4219599962234497], [-1.4901161193847656e-08, 0.7890030145645142, 0.6143893003463745, 1.0], [0.0, 0.0, 0.0, 1.0]]}, {"file_path": "./train/r_30", "transform_matrix": [[0.8447006344795227, 0.3290615975856781, -0.4221365451812744, -0.8750619888305664], [-0.5352389216423035, 0.5193166732788086, -0.6662052273750305, -1.3810006380081177], [-1.4901160305669237e-08, 0.7886878848075867, 0.6147937774658203, 1.0], [0.0, 0.0, 0.0, 1.0]]}, {"file_path": "./train/r_31", "transform_matrix": [[0.8176838755607605, 0.35397040843963623, -0.45398011803627014, -0.9409289956092834], [-0.5756673812866211, 0.5027831196784973, -0.6448379158973694, -1.3365050554275513], [0.0, 0.7886152267456055, 0.6148869395256042, 1.0], [0.0, 0.0, 0.0, 1.0]]}, {"file_path": "./train/r_32", "transform_matrix": [[0.7548337578773499, 0.40337520837783813, -0.5172178745269775, -1.0718350410461426], [-0.6559160351753235, 0.46420761942863464, -0.5952187180519104, -1.2334767580032349], [0.0, 0.7885427474975586, 0.6149798631668091, 1.0], [0.0, 0.0, 0.0, 1.0]]}, {"file_path": "./train/r_33", "transform_matrix": [[0.7187613248825073, 0.42728084325790405, -0.5484644174575806, -1.1373540163040161], [-0.6952568292617798, 0.44172587990760803, -0.5670062899589539, -1.1758044958114624], [0.0, 0.7888658046722412, 0.614565372467041, 1.0], [0.0, 0.0, 0.0, 1.0]]}, {"file_path": "./train/r_34", "transform_matrix": [[0.67961186170578, 0.4510469436645508, -0.5785191059112549, -1.1990962028503418], [-0.7335718274116516, 0.41786888241767883, -0.5359644889831543, -1.1108932495117188], [-1.4901161193847656e-08, 0.7886331677436829, 0.614863932132721, 1.0], [0.0, 0.0, 0.0, 1.0]]}, {"file_path": "./train/r_35", "transform_matrix": [[0.6372116208076477, 0.4738233983516693, -0.6078262329101562, -1.259961724281311], [-0.7706888318061829, 0.3917609751224518, -0.5025555491447449, -1.0417463779449463], [1.4901160305669237e-08, 0.7886791229248047, 0.6148049831390381, 1.0], [0.0, 0.0, 0.0, 1.0]]}, {"file_path": "./train/r_36", "transform_matrix": [[0.9999862313270569, 0.0032259600702673197, -0.004143648315221071, -0.0085962675511837], [-0.005251346621662378, 0.6143025159835815, -0.7890530824661255, -1.6369417905807495], [-2.3283064365386963e-10, 0.7890640497207642, 0.6143109798431396, 1.0], [0.0, 0.0, 0.0, 1.0]]}, {"file_path": "./train/r_37", "transform_matrix": [[0.5917559266090393, 0.49549248814582825, -0.6358553171157837, -1.3183621168136597], [-0.8061171174049377, 0.36373206973075867, -0.46676990389823914, -0.9677858352661133], [-1.4901160305669237e-08, 0.788787841796875, 0.6146655678749084, 1.0], [0.0, 0.0, 0.0, 1.0]]}, {"file_path": "./train/r_38", "transform_matrix": [[0.5430883765220642, 0.5163010954856873, -0.6621843576431274, -1.372469425201416], [-0.8396754860877991, 0.33393511176109314, -0.4282900094985962, -0.8876907825469971], [0.0, 0.788619339466095, 0.614881694316864, 1.0], [0.0, 0.0, 0.0, 1.0]]}, {"file_path": "./train/r_39", "transform_matrix": [[0.4914737045764923, 0.5351375341415405, -0.6870817542076111, -1.4250261783599854], [-0.870892345905304, 0.30199605226516724, -0.3877432644367218, -0.8041900396347046], [0.0, 0.7889399528503418, 0.6144703030586243, 1.0], [0.0, 0.0, 0.0, 1.0]]}, {"file_path": "./train/r_40", "transform_matrix": [[0.43683743476867676, 0.5531176924705505, -0.7093897461891174, -1.470291256904602], [-0.8995404839515686, 0.26860660314559937, -0.34449589252471924, -0.7140070796012878], [0.0, 0.7886135578155518, 0.6148891448974609, 1.0], [0.0, 0.0, 0.0, 1.0]]}, {"file_path": "./train/r_41", "transform_matrix": [[0.37948426604270935, 0.5683857202529907, -0.7300201058387756, -1.5144039392471313], [-0.9251981377601624, 0.23313215374946594, -0.2994289994239807, -0.6211561560630798], [-1.4901160305669237e-08, 0.7890418767929077, 0.6143394112586975, 1.0], [0.0, 0.0, 0.0, 1.0]]}, {"file_path": "./train/r_42", "transform_matrix": [[0.2570449709892273, 0.5936695337295532, -0.7625512480735779, -1.5819628238677979], [-0.9663994908332825, 0.1579054594039917, -0.20282498002052307, -0.42077380418777466], [0.0, 0.7890642285346985, 0.6143106818199158, 1.0], [0.0, 0.0, 0.0, 1.0]]}, {"file_path": "./train/r_43", "transform_matrix": [[0.1924155205488205, 0.6034578680992126, -0.773831307888031, -1.603697419166565], [-0.9813135266304016, 0.11832574754953384, -0.15173250436782837, -0.31445229053497314], [0.0, 0.7885668277740479, 0.614949107170105, 1.0], [0.0, 0.0, 0.0, 1.0]]}, {"file_path": "./train/r_44", "transform_matrix": [[0.12596020102500916, 0.6094844341278076, -0.7827277183532715, -1.6236430406570435], [-0.9920352697372437, 0.07738714665174484, -0.0993841141462326, -0.206156387925148], [-7.450580596923828e-09, 0.7890120148658752, 0.6143777370452881, 1.0], [0.0, 0.0, 0.0, 1.0]]}, {"file_path": "./train/r_45", "transform_matrix": [[0.057849958539009094, 0.6139989495277405, -0.7871840000152588, -1.6311578750610352], [-0.9983252286911011, 0.03557940199971199, -0.04561495780944824, -0.09452071785926819], [0.0, 0.7885045409202576, 0.615028977394104, 1.0], [0.0, 0.0, 0.0, 1.0]]}, {"file_path": "./train/r_46", "transform_matrix": [[0.9999309182167053, 0.0072217644192278385, -0.009272594004869461, -0.019232019782066345], [-0.011753079481422901, 0.6144147515296936, -0.7888956665992737, -1.6362258195877075], [0.0, 0.7889502048492432, 0.6144571900367737, 1.0], [0.0, 0.0, 0.0, 1.0]]}, {"file_path": "./train/r_47", "transform_matrix": [[-0.011419019661843777, 0.6144099831581116, -0.7889043092727661, -1.6362626552581787], [-0.999934732913971, -0.007016417570412159, 0.009009101428091526, 0.018685733899474144], [-4.6566125955216364e-10, 0.7889556884765625, 0.6144500970840454, 1.0], [0.0, 0.0, 0.0, 1.0]]}, {"file_path": "./train/r_48", "transform_matrix": [[-0.08163423091173172, 0.6129526495933533, -0.7858911156654358, -1.6285414695739746], [-0.9966623187065125, -0.05020549148321152, 0.06437046825885773, 0.13338994979858398], [0.0, 0.7885228991508484, 0.6150053143501282, 1.0], [0.0, 0.0, 0.0, 1.0]]}, {"file_path": "./train/r_49", "transform_matrix": [[-0.15220320224761963, 0.6073455214500427, -0.7797215580940247, -1.6170724630355835], [-0.9883491396903992, -0.09352963417768478, 0.12007510662078857, 0.24902498722076416], [7.4505792646561986e-09, 0.7889130115509033, 0.6145049333572388, 1.0], [0.0, 0.0, 0.0, 1.0]]}, {"file_path": "./train/r_50", "transform_matrix": [[-0.22291718423366547, 0.5993873476982117, -0.7687931060791016, -1.5934901237487793], [-0.9748373627662659, -0.13706260919570923, 0.17580081522464752, 0.3643852472305298], [0.0, 0.7886371612548828, 0.6148588061332703, 1.0], [0.0, 0.0, 0.0, 1.0]]}, {"file_path": "./train/r_51", "transform_matrix": [[-0.2930964529514313, 0.5876594185829163, -0.7541557550430298, -1.5636738538742065], [-0.9560828804969788, -0.18015269935131073, 0.23119376599788666, 0.4793594181537628], [0.0, 0.7887974977493286, 0.6146532297134399, 1.0], [0.0, 0.0, 0.0, 1.0]]}, {"file_path": "./train/r_52", "transform_matrix": [[-0.4305402934551239, 0.5549413561820984, -0.7118112444877625, -1.4754165410995483], [-0.9025713205337524, -0.2647154629230499, 0.33954480290412903, 0.7037961483001709], [0.0, 0.7886481285095215, 0.614844799041748, 1.0], [0.0, 0.0, 0.0, 1.0]]}, {"file_path": "./train/r_53", "transform_matrix": [[-0.4968329966068268, 0.5331597924232483, -0.6847609281539917, -1.420494794845581], [-0.8678461909294128, -0.30522847175598145, 0.39201852679252625, 0.8132185339927673], [-1.4901162970204496e-08, 0.7890349626541138, 0.6143482327461243, 1.0], [0.0, 0.0, 0.0, 1.0]]}, {"file_path": "./train/r_54", "transform_matrix": [[-0.6220036745071411, 0.481162428855896, -0.6177331209182739, -1.2811330556869507], [-0.7830142974853516, -0.38222137093544006, 0.4907091557979584, 1.0176947116851807], [0.0, 0.7889167666435242, 0.614500105381012, 1.0], [0.0, 0.0, 0.0, 1.0]]}, {"file_path": "./train/r_55", "transform_matrix": [[-0.6800679564476013, 0.45078244805336, -0.5781892538070679, -1.1984243392944336], [-0.7331490516662598, -0.41814514994621277, 0.5363274812698364, 1.1116565465927124], [-1.4901158529312397e-08, 0.7886379957199097, 0.6148578524589539, 1.0], [0.0, 0.0, 0.0, 1.0]]}, {"file_path": "./train/r_56", "transform_matrix": [[-0.7847023606300354, 0.38087838888168335, -0.48905399441719055, -1.0143511295318604], [-0.6198726892471313, -0.48215731978416443, 0.6190977692604065, 1.2840760946273804], [0.0, 0.7889587879180908, 0.6144461035728455, 1.0], [0.0, 0.0, 0.0, 1.0]]}, {"file_path": "./train/r_57", "transform_matrix": [[-0.8713942766189575, 0.30145806074142456, -0.38703352212905884, -0.8026934862136841], [-0.490583211183548, -0.5354623198509216, 0.6874650120735168, 1.4257774353027344], [0.0, 0.7889253497123718, 0.6144890785217285, 1.0], [0.0, 0.0, 0.0, 1.0]]}, {"file_path": "./train/r_58", "transform_matrix": [[-0.9071611166000366, 0.25867220759391785, -0.3318844437599182, -0.6880356669425964], [-0.42078325152397156, -0.5576680302619934, 0.7155053019523621, 1.483327031135559], [-1.4901160305669237e-08, 0.7887300848960876, 0.6147396564483643, 1.0], [0.0, 0.0, 0.0, 1.0]]}, {"file_path": "./train/r_59", "transform_matrix": [[-0.9373887181282043, 0.214135080575943, -0.27467888593673706, -0.5693604946136475], [-0.3482847809791565, -0.5763323903083801, 0.7392826080322266, 1.5324013233184814], [0.0, 0.7886616587638855, 0.6148275136947632, 1.0], [0.0, 0.0, 0.0, 1.0]]}, {"file_path": "./train/r_60", "transform_matrix": [[-0.9619171023368835, 0.16790835559368134, -0.21569031476974487, -0.44748562574386597], [-0.27334141731262207, -0.5908871293067932, 0.7590368390083313, 1.5747488737106323], [0.0, 0.7890875339508057, 0.6142807006835938, 1.0], [0.0, 0.0, 0.0, 1.0]]}, {"file_path": "./train/r_61", "transform_matrix": [[-0.9804838299751282, 0.12090075761079788, -0.15503060817718506, -0.321282297372818], [-0.1965998262166977, -0.602957010269165, 0.7731696367263794, 1.6023011207580566], [0.0, 0.7885593175888062, 0.6149587035179138, 1.0], [0.0, 0.0, 0.0, 1.0]]}, {"file_path": "./train/r_62", "transform_matrix": [[-0.9929490685462952, 0.072848379611969, -0.09351649135351181, -0.19393494725227356], [-0.11854208260774612, -0.6102030277252197, 0.7833262085914612, 1.6244657039642334], [0.0, 0.7888886332511902, 0.6145361065864563, 1.0], [0.0, 0.0, 0.0, 1.0]]}, {"file_path": "./train/r_63", "transform_matrix": [[0.9994780421257019, 0.019861768931150436, -0.02547840215265751, -0.05281347036361694], [-0.03230540081858635, 0.6144917607307434, -0.7882614731788635, -1.633965253829956], [1.862645371275562e-09, 0.7886731028556824, 0.6148126125335693, 1.0], [0.0, 0.0, 0.0, 1.0]]}, {"file_path": "./train/r_64", "transform_matrix": [[-0.9992172718048096, 0.024324258789420128, -0.031195731833577156, -0.06465563178062439], [-0.03955809399485588, -0.6144183278083801, 0.7879881858825684, 1.63316810131073], [-1.8626450382086546e-09, 0.7886054515838623, 0.6148995161056519, 1.0], [0.0, 0.0, 0.0, 1.0]]}, {"file_path": "./train/r_65", "transform_matrix": [[-0.9992172122001648, -0.024325726553797722, 0.031197616830468178, 0.06465952843427658], [0.03956048563122749, -0.6144182085990906, 0.7879881858825684, 1.6331678628921509], [0.0, 0.7886054515838623, 0.6148995757102966, 1.0], [0.0, 0.0, 0.0, 1.0]]}, {"file_path": "./train/r_66", "transform_matrix": [[-0.98048335313797, -0.12090204656124115, 0.15503224730491638, 0.3212857246398926], [0.19660188257694244, -0.6029567718505859, 0.7731692790985107, 1.6023006439208984], [-7.450580596923828e-09, 0.7885592579841614, 0.614958643913269, 1.0], [0.0, 0.0, 0.0, 1.0]]}, {"file_path": "./train/r_67", "transform_matrix": [[-0.961916446685791, -0.16790959239006042, 0.21569187939167023, 0.4474888741970062], [0.27334335446357727, -0.5908867716789246, 0.7590363621711731, 1.574747920036316], [0.0, 0.7890875339508057, 0.6142807006835938, 1.0], [0.0, 0.0, 0.0, 1.0]]}, {"file_path": "./train/r_68", "transform_matrix": [[-0.9373881220817566, -0.21413598954677582, 0.27468007802963257, 0.569362998008728], [0.34828630089759827, -0.5763319730758667, 0.7392821311950684, 1.5324004888534546], [0.0, 0.7886616587638855, 0.6148273944854736, 1.0], [0.0, 0.0, 0.0, 1.0]]}, {"file_path": "./train/r_69", "transform_matrix": [[-0.9071603417396545, -0.2586733400821686, 0.3318859040737152, 0.68803870677948], [0.42078518867492676, -0.5576674342155457, 0.7155045866966248, 1.4833256006240845], [0.0, 0.7887300848960876, 0.6147396564483643, 1.0], [0.0, 0.0, 0.0, 1.0]]}, {"file_path": "./train/r_70", "transform_matrix": [[-0.8713934421539307, -0.3014589846134186, 0.3870347738265991, 0.802696168422699], [0.4905848205089569, -0.5354617238044739, 0.6874643564224243, 1.4257762432098389], [0.0, 0.7889253497123718, 0.6144890189170837, 1.0], [0.0, 0.0, 0.0, 1.0]]}, {"file_path": "./train/r_71", "transform_matrix": [[-0.8304795622825623, -0.3425607681274414, 0.4392673373222351, 0.9103325009346008], [0.5570489764213562, -0.5107085704803467, 0.6548840999603271, 1.3571741580963135], [-1.4901160305669237e-08, 0.7885612845420837, 0.6149561405181885, 1.0], [0.0, 0.0, 0.0, 1.0]]}, {"file_path": "./train/r_72", "transform_matrix": [[-0.7847014665603638, -0.38087913393974304, 0.48905491828918457, 1.0143530368804932], [0.6198738813400269, -0.48215678334236145, 0.6190970540046692, 1.2840745449066162], [0.0, 0.7889587879180908, 0.6144461035728455, 1.0], [0.0, 0.0, 0.0, 1.0]]}, {"file_path": "./train/r_73", "transform_matrix": [[0.9989289045333862, 0.02845410630106926, -0.036486297845840454, -0.07561307400465012], [-0.04626970738172531, 0.6143032312393188, -0.7877123355865479, -1.6324306726455688], [0.0, 0.7885568737983704, 0.6149619221687317, 1.0], [0.0, 0.0, 0.0, 1.0]]}, {"file_path": "./train/r_74", "transform_matrix": [[-0.7343902587890625, -0.41733282804489136, 0.5352609753608704, 1.1094143390655518], [0.678727388381958, -0.45155853033065796, 0.5791580080986023, 1.2003979682922363], [1.4901158529312397e-08, 0.7886243462562561, 0.6148753762245178, 1.0], [0.0, 0.0, 0.0, 1.0]]}, {"file_path": "./train/r_75", "transform_matrix": [[-0.6800665855407715, -0.4507831931114197, 0.5781902074813843, 1.1984262466430664], [0.7331502437591553, -0.4181443154811859, 0.5363264083862305, 1.1116544008255005], [1.4901158529312397e-08, 0.7886379957199097, 0.6148578524589539, 1.0], [0.0, 0.0, 0.0, 1.0]]}, {"file_path": "./train/r_76", "transform_matrix": [[-0.6220023036003113, -0.48116299510002136, 0.6177340149879456, 1.2811349630355835], [0.7830153703689575, -0.38222047686576843, 0.4907081127166748, 1.0176925659179688], [0.0, 0.7889167666435242, 0.614500105381012, 1.0], [0.0, 0.0, 0.0, 1.0]]}, {"file_path": "./train/r_77", "transform_matrix": [[-0.5607926845550537, -0.5091582536697388, 0.65289306640625, 1.3530441522598267], [0.8279562592506409, -0.3448639512062073, 0.4422186315059662, 0.9164461493492126], [1.4901161193847656e-08, 0.7885599136352539, 0.6149579286575317, 1.0], [0.0, 0.0, 0.0, 1.0]]}, {"file_path": "./train/r_78", "transform_matrix": [[-0.49683135747909546, -0.5331604480743408, 0.684761643409729, 1.4204961061477661], [0.8678471446037292, -0.30522751808166504, 0.39201727509498596, 0.8132158517837524], [-1.4901161193847656e-08, 0.7890349626541138, 0.614348292350769, 1.0], [0.0, 0.0, 0.0, 1.0]]}, {"file_path": "./train/r_79", "transform_matrix": [[-0.43053850531578064, -0.5549418330192566, 0.711811900138855, 1.4754178524017334], [0.9025721549987793, -0.2647143602371216, 0.3395434021949768, 0.7037932276725769], [0.0, 0.7886481285095215, 0.614844799041748, 1.0], [0.0, 0.0, 0.0, 1.0]]}, {"file_path": "./train/r_80", "transform_matrix": [[-0.2229156494140625, -0.5993876457214355, 0.7687932848930359, 1.593490481376648], [0.9748377203941345, -0.13706167042255402, 0.17579957842826843, 0.36438268423080444], [0.0, 0.7886372208595276, 0.6148588061332703, 1.0], [0.0, 0.0, 0.0, 1.0]]}, {"file_path": "./train/r_81", "transform_matrix": [[-0.15220215916633606, -0.6073455810546875, 0.7797216773033142, 1.617072582244873], [0.9883493781089783, -0.09352898597717285, 0.12007427215576172, 0.2490232288837433], [0.0, 0.7889129519462585, 0.6145049929618835, 1.0], [0.0, 0.0, 0.0, 1.0]]}, {"file_path": "./train/r_82", "transform_matrix": [[0.9980369806289673, 0.038517702370882034, -0.04938040301203728, -0.10232115536928177], [-0.06262616813182831, 0.6138342618942261, -0.7869468331336975, -1.6306328773498535], [0.0, 0.7884945869445801, 0.6150416135787964, 1.0], [0.0, 0.0, 0.0, 1.0]]}, {"file_path": "./train/r_83", "transform_matrix": [[-0.08163344860076904, -0.6129527688026428, 0.7858911156654358, 1.6285414695739746], [0.996662437915802, -0.05020501837134361, 0.06436984986066818, 0.1333886682987213], [0.0, 0.7885228991508484, 0.6150053143501282, 1.0], [0.0, 0.0, 0.0, 1.0]]}, {"file_path": "./train/r_84", "transform_matrix": [[-0.011418179608881474, -0.6144099831581116, 0.7889043092727661, 1.6362626552581787], [0.9999348521232605, -0.007015900686383247, 0.0090084383264184, 0.01868435926735401], [0.0, 0.7889556884765625, 0.6144500970840454, 1.0], [0.0, 0.0, 0.0, 1.0]]}, {"file_path": "./train/r_85", "transform_matrix": [[0.12596173584461212, -0.6094842553138733, 0.7827277183532715, 1.6236430406570435], [0.9920351505279541, 0.07738808542490005, -0.0993853360414505, -0.20615893602371216], [0.0, 0.7890120148658752, 0.6143777370452881, 1.0], [0.0, 0.0, 0.0, 1.0]]}, {"file_path": "./train/r_86", "transform_matrix": [[0.19241632521152496, -0.6034577488899231, 0.7738311886787415, 1.603697419166565], [0.9813133478164673, 0.11832624673843384, -0.1517331451177597, -0.314453661441803], [0.0, 0.7885668873786926, 0.6149490475654602, 1.0], [0.0, 0.0, 0.0, 1.0]]}, {"file_path": "./train/r_87", "transform_matrix": [[0.25704577565193176, -0.5936692953109741, 0.7625511884689331, 1.5819628238677979], [0.9663991332054138, 0.15790598094463348, -0.20282569527626038, -0.42077529430389404], [-7.4505792646561986e-09, 0.789064347743988, 0.614310622215271, 1.0], [0.0, 0.0, 0.0, 1.0]]}, {"file_path": "./train/r_88", "transform_matrix": [[0.3194386959075928, -0.5826815962791443, 0.7472891807556152, 1.5488200187683105], [0.9476069211959839, 0.19642221927642822, -0.2519115209579468, -0.5221079587936401], [0.0, 0.7886067032814026, 0.6148979663848877, 1.0], [0.0, 0.0, 0.0, 1.0]]}, {"file_path": "./train/r_89", "transform_matrix": [[0.4368382394313812, -0.5531173944473267, 0.7093895077705383, 1.4702907800674438], [0.8995401263237, 0.2686070501804352, -0.3444965183734894, -0.7140083909034729], [0.0, 0.7886135578155518, 0.6148891448974609, 1.0], [0.0, 0.0, 0.0, 1.0]]}, {"file_path": "./train/r_90", "transform_matrix": [[0.49147430062294006, -0.5351373553276062, 0.6870815753936768, 1.4250258207321167], [0.8708919882774353, 0.3019964098930359, -0.38774374127388, -0.8041910529136658], [0.0, 0.7889400124549866, 0.6144703030586243, 1.0], [0.0, 0.0, 0.0, 1.0]]}, {"file_path": "./train/r_91", "transform_matrix": [[0.9966885447502136, 0.050008174031972885, -0.0641171932220459, -0.13286469876766205], [-0.08131316304206848, 0.6129705905914307, -0.7859105467796326, -1.6285767555236816], [3.7252896323280993e-09, 0.7885215878486633, 0.6150071620941162, 1.0], [0.0, 0.0, 0.0, 1.0]]}, {"file_path": "./train/r_92", "transform_matrix": [[0.5430886745452881, -0.5163009762763977, 0.6621841788291931, 1.3724690675735474], [0.83967524766922, 0.33393532037734985, -0.42829030752182007, -0.8876913785934448], [1.4901160305669237e-08, 0.788619339466095, 0.614881694316864, 1.0], [0.0, 0.0, 0.0, 1.0]]}, {"file_path": "./train/r_93", "transform_matrix": [[0.59175705909729, -0.4954919219017029, 0.6358547210693359, 1.3183610439300537], [0.8061163425445557, 0.3637326657772064, -0.4667707681655884, -0.9677876830101013], [1.4901161193847656e-08, 0.7887879014015198, 0.6146655082702637, 1.0], [0.0, 0.0, 0.0, 1.0]]}, {"file_path": "./train/r_94", "transform_matrix": [[0.6372116208076477, -0.47382333874702454, 0.6078262329101562, 1.2599618434906006], [0.7706888318061829, 0.3917608857154846, -0.5025555491447449, -1.0417464971542358], [1.4901161193847656e-08, 0.7886791825294495, 0.6148049235343933, 1.0], [0.0, 0.0, 0.0, 1.0]]}, {"file_path": "./train/r_95", "transform_matrix": [[0.6796120405197144, -0.45104679465293884, 0.5785189270973206, 1.1990958452224731], [0.7335715889930725, 0.41786903142929077, -0.5359646677970886, -1.1108936071395874], [0.0, 0.7886331677436829, 0.614863932132721, 1.0], [0.0, 0.0, 0.0, 1.0]]}, {"file_path": "./train/r_96", "transform_matrix": [[0.7548342347145081, -0.40337494015693665, 0.5172175168991089, 1.0718340873718262], [0.6559155583381653, 0.4642079472541809, -0.5952191352844238, -1.2334774732589722], [0.0, 0.7885427474975586, 0.6149799227714539, 1.0], [0.0, 0.0, 0.0, 1.0]]}, {"file_path": "./train/r_97", "transform_matrix": [[0.7877861857414246, -0.3784017264842987, 0.4860092103481293, 1.00821053981781], [0.6159486174583435, 0.4839683473110199, -0.6215962171554565, -1.2894814014434814], [1.4901160305669237e-08, 0.7890416383743286, 0.6143397092819214, 1.0], [0.0, 0.0, 0.0, 1.0]]}, {"file_path": "./train/r_98", "transform_matrix": [[0.8176840543746948, -0.3539702594280243, 0.45397987961769104, 0.9409283995628357], [0.5756670832633972, 0.5027833580970764, -0.6448382139205933, -1.33650541305542], [1.4901158529312397e-08, 0.7886152863502502, 0.6148870587348938, 1.0], [0.0, 0.0, 0.0, 1.0]]}, {"file_path": "./train/r_99", "transform_matrix": [[0.8447018265724182, -0.3290603756904602, 0.42213499546051025, 0.8750588893890381], [0.5352369546890259, 0.5193174481391907, -0.6662061810493469, -1.3810027837753296], [-1.4901160305669237e-08, 0.7886880040168762, 0.6147936582565308, 1.0], [0.0, 0.0, 0.0, 1.0]]}]}