{"camera_angle_x": 1.40241539478302, "frames": [{"file_path": "./train/r_0", "transform_matrix": [[0.9947582483291626, 0.045255713164806366, -0.09169543534517288, -0.15839309990406036], [-0.10225524008274078, 0.44025611877441406, -0.8920305371284485, -1.5408780574798584], [0.0, 0.8967310190200806, 0.4425760507583618, 0.48007017374038696], [0.0, 0.0, 0.0, 1.0]]}, {"file_path": "./train/r_1", "transform_matrix": [[0.8903102874755859, -0.2015725076198578, 0.4083090126514435, 0.7051536440849304], [0.4553545117378235, 0.39411506056785583, -0.7983267903327942, -1.3787181377410889], [1.4901161193847656e-08, 0.8966838121414185, 0.44267159700393677, 0.48007017374038696], [0.0, 0.0, 0.0, 1.0]]}, {"file_path": "./train/r_2", "transform_matrix": [[0.9257439374923706, -0.1672060787677765, 0.3391759693622589, 0.5864279866218567], [0.3781510591506958, 0.40933382511138916, -0.8303298354148865, -1.4356224536895752], [0.0, 0.8969325423240662, 0.4421675205230713, 0.48007017374038696], [0.0, 0.0, 0.0, 1.0]]}, {"file_path": "./train/r_3", "transform_matrix": [[0.9626103043556213, -0.11974213272333145, 0.2429884821176529, 0.42025089263916016], [0.27089035511016846, 0.42550426721572876, -0.8634607791900635, -1.493363618850708], [0.0, 0.8969993591308594, 0.44203177094459534, 0.48007017374038696], [0.0, 0.0, 0.0, 1.0]]}, {"file_path": "./train/r_4", "transform_matrix": [[0.9712240695953369, -0.10537730902433395, 0.21358716487884521, 0.36905187368392944], [0.23816770315170288, 0.42971810698509216, -0.870987057685852, -1.5049564838409424], [0.0, 0.8967931866645813, 0.44245001673698425, 0.48007017374038696], [0.0, 0.0, 0.0, 1.0]]}, {"file_path": "./train/r_5", "transform_matrix": [[0.9840624332427979, -0.07870911806821823, 0.15945535898208618, 0.2754096984863281], [0.17782333493232727, 0.43557101488113403, -0.8824153542518616, -1.5240989923477173], [0.0, 0.8967065811157227, 0.44262540340423584, 0.48007017374038696], [0.0, 0.0, 0.0, 1.0]]}, {"file_path": "./train/r_6", "transform_matrix": [[0.9886033535003662, -0.06658030301332474, 0.13502083718776703, 0.2333972007036209], [0.15054424107074738, 0.43722373247146606, -0.8866633176803589, -1.5326873064041138], [0.0, 0.8968848586082458, 0.44226405024528503, 0.48007017374038696], [0.0, 0.0, 0.0, 1.0]]}, {"file_path": "./train/r_7", "transform_matrix": [[0.9921114444732666, 0.05543246120214462, -0.11243769526481628, -0.1943933516740799], [-0.1253594607114792, 0.4386998414993286, -0.8898468613624573, -1.5384547710418701], [-3.725290298461914e-09, 0.8969224691390991, 0.442188024520874, 0.48007017374038696], [0.0, 0.0, 0.0, 1.0]]}, {"file_path": "./train/r_8", "transform_matrix": [[0.9921115040779114, -0.055432189255952835, 0.1124371588230133, 0.1943923830986023], [0.12535884976387024, 0.438699871301651, -0.8898469805717468, -1.5384546518325806], [0.0, 0.89692223072052, 0.4421881139278412, 0.48007017374038696], [0.0, 0.0, 0.0, 1.0]]}, {"file_path": "./train/r_9", "transform_matrix": [[0.9980371594429016, -0.02773020975291729, 0.05615163594484329, 0.09694778919219971], [0.06262563914060593, 0.4419240653514862, -0.8948637843132019, -1.5450140237808228], [1.862645149230957e-09, 0.8966237902641296, 0.44279322028160095, 0.48007017374038696], [0.0, 0.0, 0.0, 1.0]]}, {"file_path": "./train/r_10", "transform_matrix": [[0.998928964138031, -0.020484693348407745, 0.0414886549115181, 0.0716436505317688], [0.04627019539475441, 0.4422447979450226, -0.8957000970840454, -1.5467174053192139], [0.0, 0.8966603875160217, 0.4427189528942108, 0.48007017374038696], [0.0, 0.0, 0.0, 1.0]]}, {"file_path": "./train/r_11", "transform_matrix": [[0.9994781017303467, -0.014297787100076675, 0.02896931581199169, 0.05004063993692398], [0.03230554237961769, 0.44234901666641235, -0.8962609767913818, -1.5481716394424438], [0.0, 0.896729052066803, 0.44258004426956177, 0.48007017374038696], [0.0, 0.0, 0.0, 1.0]]}, {"file_path": "./train/r_12", "transform_matrix": [[0.999783992767334, -0.0091954804956913, 0.0186400655657053, 0.03221037983894348], [0.02078482322394848, 0.4423176050186157, -0.896617591381073, -1.5493718385696411], [0.0, 0.8968113660812378, 0.44241318106651306, 0.48007017374038696], [0.0, 0.0, 0.0, 1.0]]}, {"file_path": "./train/r_13", "transform_matrix": [[0.9999862909317017, -0.0023221008013933897, 0.004711075220257044, 0.008146346546709538], [0.005252274218946695, 0.44210731983184814, -0.8969467878341675, -1.5509917736053467], [2.3283067140944524e-10, 0.896959125995636, 0.44211333990097046, 0.48007017374038696], [0.0, 0.0, 0.0, 1.0]]}, {"file_path": "./train/r_14", "transform_matrix": [[0.9999991655349731, -0.0005832041497342288, 0.0011835020268335938, 0.0020469147711992264], [0.0013193953782320023, 0.4420234262943268, -0.8970025777816772, -1.5514023303985596], [0.0, 0.8970033526420593, 0.4420238435268402, 0.48007017374038696], [0.0, 0.0, 0.0, 1.0]]}, {"file_path": "./train/r_15", "transform_matrix": [[0.9886031150817871, 0.06658077985048294, -0.1350218504667282, -0.2333989292383194], [-0.15054534375667572, 0.43722355365753174, -0.8866632580757141, -1.5326871871948242], [3.725290298461914e-09, 0.8968848586082458, 0.44226405024528503, 0.48007017374038696], [0.0, 0.0, 0.0, 1.0]]}, {"file_path": "./train/r_16", "transform_matrix": [[1.0, 0.0, 0.0, 0.0], [0.0, 0.44199252128601074, -0.8970187306404114, -1.5515401363372803], [0.0, 0.8970186710357666, 0.44199255108833313, 0.48007017374038696], [0.0, 0.0, 0.0, 1.0]]}, {"file_path": "./train/r_17", "transform_matrix": [[0.9840623140335083, 0.07870940864086151, -0.15945595502853394, -0.2754107713699341], [-0.1778239905834198, 0.43557092547416687, -0.882415235042572, -1.5240989923477173], [0.0, 0.8967066407203674, 0.44262534379959106, 0.48007017374038696], [0.0, 0.0, 0.0, 1.0]]}, {"file_path": "./train/r_18", "transform_matrix": [[0.9783232808113098, 0.09167788922786713, -0.18568448722362518, -0.32065123319625854], [-0.20708346366882324, 0.43311333656311035, -0.8772282004356384, -1.5148508548736572], [0.0, 0.8966649174690247, 0.4427098333835602, 0.48007017374038696], [0.0, 0.0, 0.0, 1.0]]}, {"file_path": "./train/r_19", "transform_matrix": [[0.9712239503860474, 0.1053774431347847, -0.2135874629020691, -0.3690524101257324], [-0.23816803097724915, 0.429718017578125, -0.8709869980812073, -1.504956603050232], [0.0, 0.8967931866645813, 0.4424499571323395, 0.48007017374038696], [0.0, 0.0, 0.0, 1.0]]}, {"file_path": "./train/r_20", "transform_matrix": [[0.9626098871231079, 0.11974277347326279, -0.24298980832099915, -0.420253187417984], [-0.27089184522628784, 0.42550402879714966, -0.8634604215621948, -1.4933630228042603], [0.0, 0.8969993591308594, 0.44203177094459534, 0.48007017374038696], [0.0, 0.0, 0.0, 1.0]]}, {"file_path": "./train/r_21", "transform_matrix": [[0.9522770047187805, 0.1350880265235901, -0.2737148106098175, -0.47281643748283386], [-0.3052352964878082, 0.4214493930339813, -0.8539390563964844, -1.475098967552185], [0.0, 0.8967338800430298, 0.44257020950317383, 0.48007017374038696], [0.0, 0.0, 0.0, 1.0]]}, {"file_path": "./train/r_22", "transform_matrix": [[0.940035343170166, 0.15097494423389435, -0.30584344267845154, -0.5282304883003235], [-0.34107717871665955, 0.4160987138748169, -0.8429283499717712, -1.4558444023132324], [0.0, 0.8966985940933228, 0.4426415264606476, 0.48007017374038696], [0.0, 0.0, 0.0, 1.0]]}, {"file_path": "./train/r_23", "transform_matrix": [[0.9257434606552124, 0.1672065705060959, -0.3391769528388977, -0.5864297151565552], [-0.37815210223197937, 0.40933364629745483, -0.8303294777870178, -1.435621976852417], [-1.4901159417490817e-08, 0.8969325423240662, 0.4421674907207489, 0.48007017374038696], [0.0, 0.0, 0.0, 1.0]]}, {"file_path": "./train/r_24", "transform_matrix": [[0.9999992251396179, 0.0005834462936036289, -0.0011839931830763817, -0.0020477641373872757], [-0.001319943112321198, 0.44202345609664917, -0.8970025181770325, -1.55140221118927], [-5.820766785236131e-11, 0.8970032930374146, 0.4420238435268402, 0.48007017374038696], [0.0, 0.0, 0.0, 1.0]]}, {"file_path": "./train/r_25", "transform_matrix": [[0.9092468023300171, 0.1841743141412735, -0.37329623103141785, -0.6450048685073853], [-0.41625744104385376, 0.4022988975048065, -0.815405011177063, -1.4089083671569824], [0.0, 0.8967917561531067, 0.44245290756225586, 0.48007017374038696], [0.0, 0.0, 0.0, 1.0]]}, {"file_path": "./train/r_26", "transform_matrix": [[0.8903099298477173, 0.2015727013349533, -0.40830954909324646, -0.7051546573638916], [-0.45535507798194885, 0.39411482214927673, -0.7983265519142151, -1.3787178993225098], [0.0, 0.8966838121414185, 0.4426715672016144, 0.48007017374038696], [0.0, 0.0, 0.0, 1.0]]}, {"file_path": "./train/r_27", "transform_matrix": [[0.8688344359397888, 0.21892757713794708, -0.44406914710998535, -0.7677536606788635], [-0.4951027035713196, 0.3841865658760071, -0.7792778611183167, -1.3472979068756104], [-1.4901161193847656e-08, 0.8969232439994812, 0.442186176776886, 0.48007017374038696], [0.0, 0.0, 0.0, 1.0]]}, {"file_path": "./train/r_28", "transform_matrix": [[0.8447006940841675, 0.2368766963481903, -0.4799690544605255, -0.829115629196167], [-0.535239040851593, 0.3738327622413635, -0.757474958896637, -1.308489203453064], [0.0, 0.8967376947402954, 0.442562460899353, 0.48007017374038696], [0.0, 0.0, 0.0, 1.0]]}, {"file_path": "./train/r_29", "transform_matrix": [[0.7877854704856873, 0.27233603596687317, -0.5524736642837524, -0.9552745819091797], [-0.6159497499465942, 0.34831148386001587, -0.7066010236740112, -1.2217741012573242], [0.0, 0.8969460725784302, 0.44214001297950745, 0.48007017374038696], [0.0, 0.0, 0.0, 1.0]]}, {"file_path": "./train/r_30", "transform_matrix": [[0.7548338770866394, 0.2903974652290344, -0.5881286263465881, -1.015556812286377], [-0.655916154384613, 0.33419182896614075, -0.6768233776092529, -1.1687113046646118], [-1.4901162970204496e-08, 0.8966521620750427, 0.4427357017993927, 0.48007017374038696], [0.0, 0.0, 0.0, 1.0]]}, {"file_path": "./train/r_31", "transform_matrix": [[0.7187613248825073, 0.30754685401916504, -0.6235359311103821, -1.077635645866394], [-0.6952568888664246, 0.3179440498352051, -0.6446157097816467, -1.1140671968460083], [0.0, 0.8968424797058105, 0.44234994053840637, 0.48007017374038696], [0.0, 0.0, 0.0, 1.0]]}, {"file_path": "./train/r_32", "transform_matrix": [[0.6796119213104248, 0.3246992230415344, -0.6577979326248169, -1.1361359357833862], [-0.7335718870162964, 0.30081507563591003, -0.6094117164611816, -1.052564263343811], [1.4901161193847656e-08, 0.8967055082321167, 0.44262775778770447, 0.48007017374038696], [0.0, 0.0, 0.0, 1.0]]}, {"file_path": "./train/r_33", "transform_matrix": [[0.6372116804122925, 0.3410860002040863, -0.6911017894744873, -1.1938056945800781], [-0.7706888318061829, 0.2820126414299011, -0.5714084506034851, -0.9870480298995972], [1.4901159417490817e-08, 0.8967325687408447, 0.4425728917121887, 0.48007017374038696], [0.0, 0.0, 0.0, 1.0]]}, {"file_path": "./train/r_34", "transform_matrix": [[0.9999862909317017, 0.002321690320968628, -0.0047102440148591995, -0.008144908584654331], [-0.005251347087323666, 0.442107230424881, -0.8969468474388123, -1.5509918928146362], [0.0, 0.896959125995636, 0.44211333990097046, 0.48007017374038696], [0.0, 0.0, 0.0, 1.0]]}, {"file_path": "./train/r_35", "transform_matrix": [[0.5917560458183289, 0.3566610515117645, -0.7229230403900146, -1.2491397857666016], [-0.8061172366142273, 0.26181840896606445, -0.5306847095489502, -0.9169709086418152], [0.0, 0.8967965245246887, 0.4424431622028351, 0.48007017374038696], [0.0, 0.0, 0.0, 1.0]]}, {"file_path": "./train/r_36", "transform_matrix": [[0.5430883765220642, 0.37167754769325256, -0.7529348134994507, -1.3004059791564941], [-0.8396755456924438, 0.2403949499130249, -0.4869859218597412, -0.8410813212394714], [-1.4901161193847656e-08, 0.8966972827911377, 0.44264429807662964, 0.48007017374038696], [0.0, 0.0, 0.0, 1.0]]}, {"file_path": "./train/r_37", "transform_matrix": [[0.4914737641811371, 0.3851621150970459, -0.7810913920402527, -1.3502031564712524], [-0.8708924055099487, 0.21735990047454834, -0.44079604744911194, -0.7619649171829224], [0.0, 0.8968861103057861, 0.44226154685020447, 0.48007017374038696], [0.0, 0.0, 0.0, 1.0]]}, {"file_path": "./train/r_38", "transform_matrix": [[0.43683749437332153, 0.39818274974823, -0.8066123723983765, -1.3930915594100952], [-0.8995405435562134, 0.1933666616678238, -0.39170944690704346, -0.6765171885490417], [0.0, 0.8966939449310303, 0.44265124201774597, 0.48007017374038696], [0.0, 0.0, 0.0, 1.0]]}, {"file_path": "./train/r_39", "transform_matrix": [[0.3794843852519989, 0.4090668857097626, -0.8298529386520386, -1.4348880052566528], [-0.9251982569694519, 0.16778510808944702, -0.3403770327568054, -0.5885415077209473], [0.0, 0.896946132183075, 0.44213977456092834, 0.48007017374038696], [0.0, 0.0, 0.0, 1.0]]}, {"file_path": "./train/r_40", "transform_matrix": [[0.3194376230239868, 0.4194673001766205, -0.8497098088264465, -1.4674975872039795], [-0.9476073980331421, 0.14140205085277557, -0.28643643856048584, -0.4946921765804291], [-1.4901162970204496e-08, 0.8966898322105408, 0.4426593780517578, 0.48007017374038696], [0.0, 0.0, 0.0, 1.0]]}, {"file_path": "./train/r_41", "transform_matrix": [[0.2570450007915497, 0.42725780606269836, -0.8668209910392761, -1.4988996982574463], [-0.9663995504379272, 0.11364293843507767, -0.2305588722229004, -0.3986804783344269], [7.450581485102248e-09, 0.8969593644142151, 0.4421130418777466, 0.48007017374038696], [0.0, 0.0, 0.0, 1.0]]}, {"file_path": "./train/r_42", "transform_matrix": [[0.19241556525230408, 0.4344343841075897, -0.8799107670783997, -1.5194929838180542], [-0.9813135862350464, 0.08518370985984802, -0.17253252863883972, -0.29794153571128845], [0.0, 0.8966662883758545, 0.44270700216293335, 0.48007017374038696], [0.0, 0.0, 0.0, 1.0]]}, {"file_path": "./train/r_43", "transform_matrix": [[0.12596021592617035, 0.4386536478996277, -0.8897847533226013, -1.538391351699829], [-0.9920353889465332, 0.0556965097784996, -0.11297730356454849, -0.1953318566083908], [0.0, 0.896928608417511, 0.44217541813850403, 0.48007017374038696], [0.0, 0.0, 0.0, 1.0]]}, {"file_path": "./train/r_44", "transform_matrix": [[0.05784997344017029, 0.44203981757164, -0.8951280117034912, -1.5455116033554077], [-0.9983253479003906, 0.02561488375067711, -0.051869992166757584, -0.08955777436494827], [-1.862645371275562e-09, 0.8966295719146729, 0.44278135895729065, 0.48007017374038696], [0.0, 0.0, 0.0, 1.0]]}, {"file_path": "./train/r_45", "transform_matrix": [[-0.011419020593166351, 0.44221386313438416, -0.8968369364738464, -1.5503484010696411], [-0.9999347925186157, -0.005049978382885456, 0.010241666808724403, 0.017704613506793976], [0.0, 0.8968954682350159, 0.44224268198013306, 0.48007017374038696], [0.0, 0.0, 0.0, 1.0]]}, {"file_path": "./train/r_46", "transform_matrix": [[-0.08163423836231232, 0.44128158688545227, -0.8936478495597839, -1.5430326461791992], [-0.9966623783111572, -0.03614431992173195, 0.07319656014442444, 0.1263861209154129], [0.0, 0.8966404795646667, 0.44275936484336853, 0.48007017374038696], [0.0, 0.0, 0.0, 1.0]]}, {"file_path": "./train/r_47", "transform_matrix": [[-0.15220323204994202, 0.43714067339897156, -0.8864210247993469, -1.532165765762329], [-0.988349199295044, -0.06731854379177094, 0.1365065574645996, 0.2359495759010315], [-3.7252898543727042e-09, 0.8968703150749207, 0.4422937035560608, 0.48007017374038696], [0.0, 0.0, 0.0, 1.0]]}, {"file_path": "./train/r_48", "transform_matrix": [[-0.22291722893714905, 0.4314853847026825, -0.8741443157196045, -1.5098217725753784], [-0.9748374223709106, -0.09866826981306076, 0.199891597032547, 0.3452526926994324], [0.0, 0.8967077732086182, 0.44262292981147766, 0.48007017374038696], [0.0, 0.0, 0.0, 1.0]]}, {"file_path": "./train/r_49", "transform_matrix": [[-0.29309651255607605, 0.42300131916999817, -0.8574171662330627, -1.4815709590911865], [-0.9560829401016235, -0.12967516481876373, 0.2628495693206787, 0.4541899859905243], [0.0, 0.8968022465705872, 0.44243162870407104, 0.48007017374038696], [0.0, 0.0, 0.0, 1.0]]}, {"file_path": "./train/r_50", "transform_matrix": [[-0.36254531145095825, 0.4123358130455017, -0.8357871174812317, -1.4441792964935303], [-0.9319661855697632, -0.16040325164794922, 0.3251305818557739, 0.5618019700050354], [0.0, 0.8967997431755066, 0.442436546087265, 0.48007017374038696], [0.0, 0.0, 0.0, 1.0]]}, {"file_path": "./train/r_51", "transform_matrix": [[-0.4305403232574463, 0.3994869887828827, -0.8093486428260803, -1.3979476690292358], [-0.902571439743042, -0.19056138396263123, 0.3860716223716736, 0.6668423414230347], [0.0, 0.8967142105102539, 0.4426099359989166, 0.48007017374038696], [0.0, 0.0, 0.0, 1.0]]}, {"file_path": "./train/r_52", "transform_matrix": [[-0.496832937002182, 0.3837164640426636, -0.7784077525138855, -1.3459097146987915], [-0.8678461909294128, -0.21967370808124542, 0.44563037157058716, 0.7705193161964417], [0.0, 0.8969420790672302, 0.44214802980422974, 0.48007017374038696], [0.0, 0.0, 0.0, 1.0]]}, {"file_path": "./train/r_53", "transform_matrix": [[-0.5607941746711731, 0.3665483593940735, -0.7423962354660034, -1.2819992303848267], [-0.8279552459716797, -0.248272106051445, 0.5028429627418518, 0.8683291673660278], [-1.4901161193847656e-08, 0.8966622948646545, 0.44271519780158997, 0.48007017374038696], [0.0, 0.0, 0.0, 1.0]]}, {"file_path": "./train/r_54", "transform_matrix": [[-0.6220037341117859, 0.346318781375885, -0.7022640109062195, -1.2138653993606567], [-0.7830142974853516, -0.2751055359840393, 0.5578580498695374, 0.9642592668533325], [0.0, 0.8968725204467773, 0.44228920340538025, 0.48007017374038696], [0.0, 0.0, 0.0, 1.0]]}, {"file_path": "./train/r_55", "transform_matrix": [[0.999783992767334, 0.00919550471007824, -0.01864011399447918, -0.03221046179533005], [-0.020784879103302956, 0.4423176050186157, -0.896617591381073, -1.5493718385696411], [-9.313225746154785e-10, 0.8968113660812378, 0.44241318106651306, 0.48007017374038696], [0.0, 0.0, 0.0, 1.0]]}, {"file_path": "./train/r_56", "transform_matrix": [[-0.6800679564476013, 0.3245079517364502, -0.657420814037323, -1.135499358177185], [-0.7331491708755493, -0.3010130524635315, 0.6098225116729736, 1.053287386894226], [0.0, 0.8967083096504211, 0.44262200593948364, 0.48007017374038696], [0.0, 0.0, 0.0, 1.0]]}, {"file_path": "./train/r_57", "transform_matrix": [[-0.7343915700912476, 0.30043020844459534, -0.6086137890815735, -1.0511606931686401], [-0.678726077079773, -0.3250699043273926, 0.6585291028022766, 1.1373714208602905], [0.0, 0.8967002034187317, 0.44263842701911926, 0.48007017374038696], [0.0, 0.0, 0.0, 1.0]]}, {"file_path": "./train/r_58", "transform_matrix": [[-0.7847024202346802, 0.2741318643093109, -0.5559621453285217, -0.9610912203788757], [-0.6198727488517761, -0.3470260202884674, 0.703797459602356, 1.2166539430618286], [-2.9802322387695312e-08, 0.8968972563743591, 0.44223901629447937, 0.48007017374038696], [0.0, 0.0, 0.0, 1.0]]}, {"file_path": "./train/r_59", "transform_matrix": [[-0.8304805159568787, 0.2466125637292862, -0.499484121799469, -0.8625321984291077], [-0.5570477247238159, -0.3676649332046509, 0.7446611523628235, 1.2859151363372803], [0.0, 0.8966630101203918, 0.44271355867385864, 0.48007017374038696], [0.0, 0.0, 0.0, 1.0]]}, {"file_path": "./train/r_60", "transform_matrix": [[-0.8713943362236023, 0.216974675655365, -0.43999314308166504, -0.7605469822883606], [-0.4905833303928375, -0.38539934158325195, 0.78153395652771, 1.3509149551391602], [1.4901162970204496e-08, 0.8968774676322937, 0.44227898120880127, 0.48007017374038696], [0.0, 0.0, 0.0, 1.0]]}, {"file_path": "./train/r_61", "transform_matrix": [[-0.9071611762046814, 0.18620170652866364, -0.37734270095825195, -0.6519094109535217], [-0.42078328132629395, -0.40142983198165894, 0.813508152961731, 1.4054428339004517], [-1.4901161193847656e-08, 0.896762490272522, 0.4425121247768402, 0.48007017374038696], [0.0, 0.0, 0.0, 1.0]]}, {"file_path": "./train/r_62", "transform_matrix": [[-0.9373887777328491, 0.15414868295192719, -0.3123147487640381, -0.5394654273986816], [-0.34828484058380127, -0.4148823916912079, 0.8405773639678955, 1.4519404172897339], [0.0, 0.8967221975326538, 0.4425938129425049, 0.48007017374038696], [0.0, 0.0, 0.0, 1.0]]}, {"file_path": "./train/r_63", "transform_matrix": [[-0.980483889579773, 0.08703787624835968, -0.1762835681438446, -0.30441293120384216], [-0.1965998411178589, -0.43407583236694336, 0.8791624903678894, 1.5181699991226196], [0.0, 0.8966618776321411, 0.44271597266197205, 0.48007017374038696], [0.0, 0.0, 0.0, 1.0]]}, {"file_path": "./train/r_64", "transform_matrix": [[0.9994781017303467, 0.014297726564109325, -0.028969192877411842, -0.05004042759537697], [-0.03230540454387665, 0.44234901666641235, -0.8962609767913818, -1.5481716394424438], [-9.313225746154785e-10, 0.896729052066803, 0.44258004426956177, 0.48007017374038696], [0.0, 0.0, 0.0, 1.0]]}, {"file_path": "./train/r_65", "transform_matrix": [[-0.9992173314094543, 0.01751082018017769, -0.035471316426992416, -0.06126080080866814], [-0.03955809772014618, -0.44231435656547546, 0.8959872722625732, 1.54741632938385], [0.0, 0.8966890573501587, 0.4426608383655548, 0.48007017374038696], [0.0, 0.0, 0.0, 1.0]]}, {"file_path": "./train/r_66", "transform_matrix": [[-0.9929488897323608, -0.05243457108736038, 0.10631664097309113, 0.18375471234321594], [0.11854372173547745, -0.43920376896858215, 0.8905321359634399, 1.5391708612442017], [0.0, 0.8968560099601746, 0.442322701215744, 0.48007017374038696], [0.0, 0.0, 0.0, 1.0]]}, {"file_path": "./train/r_67", "transform_matrix": [[-0.9804834127426147, -0.08703877776861191, 0.17628541588783264, 0.3044161796569824], [0.19660186767578125, -0.43407559394836426, 0.8791621327400208, 1.518169641494751], [0.0, 0.8966619372367859, 0.4427158832550049, 0.48007017374038696], [0.0, 0.0, 0.0, 1.0]]}, {"file_path": "./train/r_68", "transform_matrix": [[-0.9619165658950806, -0.12084107100963593, 0.24518167972564697, 0.4239928722381592], [0.27334344387054443, -0.42524901032447815, 0.8628131747245789, 1.4920635223388672], [0.0, 0.8969730734825134, 0.4420851469039917, 0.48007017374038696], [0.0, 0.0, 0.0, 1.0]]}, {"file_path": "./train/r_69", "transform_matrix": [[-0.9373881816864014, -0.1541493833065033, 0.31231608986854553, 0.5394678115844727], [0.34828633069992065, -0.41488221287727356, 0.8405768275260925, 1.4519397020339966], [-1.4901161193847656e-08, 0.8967221975326538, 0.4425937831401825, 0.48007017374038696], [0.0, 0.0, 0.0, 1.0]]}, {"file_path": "./train/r_70", "transform_matrix": [[-0.8713935017585754, -0.21697531640529633, 0.43999454379081726, 0.7605494856834412], [0.4905848503112793, -0.3853989541530609, 0.7815333008766174, 1.3509138822555542], [0.0, 0.8968775272369385, 0.4422789514064789, 0.48007017374038696], [0.0, 0.0, 0.0, 1.0]]}, {"file_path": "./train/r_71", "transform_matrix": [[-0.830479621887207, -0.24661315977573395, 0.4994853138923645, 0.86253422498703], [0.5570490956306458, -0.36766454577445984, 0.7446603775024414, 1.2859138250350952], [0.0, 0.8966630101203918, 0.44271355867385864, 0.48007017374038696], [0.0, 0.0, 0.0, 1.0]]}, {"file_path": "./train/r_72", "transform_matrix": [[-0.7847014665603638, -0.2741324007511139, 0.5559631586074829, 0.961093008518219], [0.6198738813400269, -0.347025603055954, 0.7037965655326843, 1.2166523933410645], [1.4901161193847656e-08, 0.8968972563743591, 0.44223901629447937, 0.48007017374038696], [0.0, 0.0, 0.0, 1.0]]}, {"file_path": "./train/r_73", "transform_matrix": [[0.9989290237426758, 0.020484475418925285, -0.04148821905255318, -0.0716429054737091], [-0.04626971110701561, 0.4422447681427002, -0.8957001566886902, -1.546717643737793], [0.0, 0.8966604471206665, 0.44271889328956604, 0.48007017374038696], [0.0, 0.0, 0.0, 1.0]]}, {"file_path": "./train/r_74", "transform_matrix": [[-0.7343902587890625, -0.3004308342933655, 0.6086151003837585, 1.0511629581451416], [0.6787275671958923, -0.3250693082809448, 0.6585279107093811, 1.1373693943023682], [0.0, 0.8967002034187317, 0.44263842701911926, 0.48007017374038696], [0.0, 0.0, 0.0, 1.0]]}, {"file_path": "./train/r_75", "transform_matrix": [[-0.6800666451454163, -0.32450851798057556, 0.6574219465255737, 1.1355011463165283], [0.7331503033638, -0.3010125160217285, 0.6098213791847229, 1.0532853603363037], [0.0, 0.8967083096504211, 0.4426220655441284, 0.48007017374038696], [0.0, 0.0, 0.0, 1.0]]}, {"file_path": "./train/r_76", "transform_matrix": [[-0.622002363204956, -0.34631919860839844, 0.7022649645805359, 1.2138671875], [0.7830153703689575, -0.2751048803329468, 0.5578567981719971, 0.9642571806907654], [0.0, 0.8968725204467773, 0.4422891438007355, 0.48007017374038696], [0.0, 0.0, 0.0, 1.0]]}, {"file_path": "./train/r_77", "transform_matrix": [[-0.49683135747909546, -0.3837169408798218, 0.7784085273742676, 1.345910906791687], [0.8678470849990845, -0.2196730673313141, 0.44562894105911255, 0.7705168128013611], [1.4901161193847656e-08, 0.8969420790672302, 0.4421480596065521, 0.48007017374038696], [0.0, 0.0, 0.0, 1.0]]}, {"file_path": "./train/r_78", "transform_matrix": [[-0.4305385649204254, -0.3994874060153961, 0.8093493580818176, 1.397948980331421], [0.9025722742080688, -0.19056060910224915, 0.38607001304626465, 0.6668395400047302], [0.0, 0.8967142105102539, 0.4426099359989166, 0.48007017374038696], [0.0, 0.0, 0.0, 1.0]]}, {"file_path": "./train/r_79", "transform_matrix": [[-0.2930953800678253, -0.4230014979839325, 0.857417643070221, 1.4815714359283447], [0.9560832381248474, -0.12967467308044434, 0.2628486156463623, 0.4541882276535034], [-7.4505797087454084e-09, 0.8968022465705872, 0.4424317181110382, 0.48007017374038696], [0.0, 0.0, 0.0, 1.0]]}, {"file_path": "./train/r_80", "transform_matrix": [[-0.2229156792163849, -0.4314855933189392, 0.8741445541381836, 1.5098220109939575], [0.9748377799987793, -0.09866760671138763, 0.19989021122455597, 0.34525027871131897], [7.450581485102248e-09, 0.8967077732086182, 0.44262298941612244, 0.48007017374038696], [0.0, 0.0, 0.0, 1.0]]}, {"file_path": "./train/r_81", "transform_matrix": [[-0.15220215916633606, -0.43714073300361633, 0.8864212036132812, 1.5321660041809082], [0.9883494973182678, -0.06731805950403214, 0.136505588889122, 0.23594790697097778], [0.0, 0.8968701958656311, 0.4422937035560608, 0.48007017374038696], [0.0, 0.0, 0.0, 1.0]]}, {"file_path": "./train/r_82", "transform_matrix": [[0.9980370402336121, 0.027730442583560944, -0.05615212395787239, -0.09694863855838776], [-0.0626261755824089, 0.44192397594451904, -0.8948637843132019, -1.5450141429901123], [1.862645149230957e-09, 0.8966237306594849, 0.4427931606769562, 0.48007017374038696], [0.0, 0.0, 0.0, 1.0]]}, {"file_path": "./train/r_83", "transform_matrix": [[-0.08163345605134964, -0.44128164649009705, 0.8936478495597839, 1.5430326461791992], [0.996662437915802, -0.03614398092031479, 0.07319585978984833, 0.1263849139213562], [3.725290298461914e-09, 0.8966404795646667, 0.44275936484336853, 0.48007017374038696], [0.0, 0.0, 0.0, 1.0]]}, {"file_path": "./train/r_84", "transform_matrix": [[-0.011418181471526623, -0.44221386313438416, 0.8968369364738464, 1.5503484010696411], [0.9999349117279053, -0.005049607250839472, 0.01024091336876154, 0.017703311517834663], [4.656613428188905e-10, 0.8968954682350159, 0.44224268198013306, 0.48007017374038696], [0.0, 0.0, 0.0, 1.0]]}, {"file_path": "./train/r_85", "transform_matrix": [[0.05785064026713371, -0.44203981757164, 0.8951280117034912, 1.5455116033554077], [0.9983253479003906, 0.025615181773900986, -0.051870591938495636, -0.08955880999565125], [0.0, 0.8966295719146729, 0.44278135895729065, 0.48007017374038696], [0.0, 0.0, 0.0, 1.0]]}, {"file_path": "./train/r_86", "transform_matrix": [[0.12596175074577332, -0.43865343928337097, 0.8897846937179565, 1.538391351699829], [0.9920351505279541, 0.05569717660546303, -0.11297869682312012, -0.1953342854976654], [0.0, 0.8969286680221558, 0.44217535853385925, 0.48007017374038696], [0.0, 0.0, 0.0, 1.0]]}, {"file_path": "./train/r_87", "transform_matrix": [[0.19241636991500854, -0.4344342052936554, 0.8799107074737549, 1.5194929838180542], [0.9813134670257568, 0.08518404513597488, -0.17253325879573822, -0.2979428172111511], [-7.450581485102248e-09, 0.8966663479804993, 0.44270697236061096, 0.48007017374038696], [0.0, 0.0, 0.0, 1.0]]}, {"file_path": "./train/r_88", "transform_matrix": [[0.25704583525657654, -0.42725762724876404, 0.8668208718299866, 1.4988995790481567], [0.9663993120193481, 0.11364329606294632, -0.23055967688560486, -0.3986819088459015], [0.0, 0.8969592452049255, 0.4421129822731018, 0.48007017374038696], [0.0, 0.0, 0.0, 1.0]]}, {"file_path": "./train/r_89", "transform_matrix": [[0.31943872570991516, -0.41946709156036377, 0.8497095108032227, 1.4674971103668213], [0.9476069808006287, 0.14140254259109497, -0.286437451839447, -0.49469393491744995], [0.0, 0.8966898918151855, 0.4426593780517578, 0.48007017374038696], [0.0, 0.0, 0.0, 1.0]]}, {"file_path": "./train/r_90", "transform_matrix": [[0.379484623670578, -0.4090668261051178, 0.8298528790473938, 1.4348880052566528], [0.9251981377601624, 0.16778521239757538, -0.34037724137306213, -0.5885419249534607], [-1.4901162970204496e-08, 0.896946132183075, 0.44213974475860596, 0.48007017374038696], [0.0, 0.0, 0.0, 1.0]]}, {"file_path": "./train/r_91", "transform_matrix": [[0.43683820962905884, -0.39818257093429565, 0.8066120743751526, 1.393091082572937], [0.8995400667190552, 0.19336700439453125, -0.39171016216278076, -0.6765183806419373], [-1.4901159417490817e-08, 0.8966939449310303, 0.44265124201774597, 0.48007017374038696], [0.0, 0.0, 0.0, 1.0]]}, {"file_path": "./train/r_92", "transform_matrix": [[0.9966886043548584, 0.03600229695439339, -0.07290861010551453, -0.12588845193386078], [-0.08131316304206848, 0.4412948489189148, -0.8936705589294434, -1.543066143989563], [0.0, 0.8966396450996399, 0.44276100397109985, 0.48007017374038696], [0.0, 0.0, 0.0, 1.0]]}, {"file_path": "./train/r_93", "transform_matrix": [[0.5430887937545776, -0.3716774582862854, 0.7529346346855164, 1.3004056215286255], [0.8396753668785095, 0.24039511382579803, -0.4869862496852875, -0.8410818576812744], [0.0, 0.8966972827911377, 0.44264429807662964, 0.48007017374038696], [0.0, 0.0, 0.0, 1.0]]}, {"file_path": "./train/r_94", "transform_matrix": [[0.59175705909729, -0.3566606342792511, 0.7229223847389221, 1.249138593673706], [0.8061163425445557, 0.26181885600090027, -0.5306857228279114, -0.9169726371765137], [0.0, 0.8967965245246887, 0.4424431622028351, 0.48007017374038696], [0.0, 0.0, 0.0, 1.0]]}, {"file_path": "./train/r_95", "transform_matrix": [[0.6372117400169373, -0.3410859704017639, 0.6911017894744873, 1.1938056945800781], [0.7706888914108276, 0.28201261162757874, -0.5714085102081299, -0.9870481491088867], [0.0, 0.8967325687408447, 0.4425728917121887, 0.48007017374038696], [0.0, 0.0, 0.0, 1.0]]}, {"file_path": "./train/r_96", "transform_matrix": [[0.7548344135284424, -0.2903972268104553, 0.5881280899047852, 1.0155558586120605], [0.6559155583381653, 0.33419209718704224, -0.6768237948417664, -1.1687120199203491], [-1.4901162970204496e-08, 0.8966521620750427, 0.4427357017993927, 0.48007017374038696], [0.0, 0.0, 0.0, 1.0]]}, {"file_path": "./train/r_97", "transform_matrix": [[0.7877862453460693, -0.27233555912971497, 0.552472710609436, 0.9552730321884155], [0.6159486770629883, 0.34831181168556213, -0.7066017389297485, -1.2217754125595093], [0.0, 0.896946132183075, 0.44213995337486267, 0.48007017374038696], [0.0, 0.0, 0.0, 1.0]]}, {"file_path": "./train/r_98", "transform_matrix": [[0.8176841735839844, -0.2548186480998993, 0.5161978006362915, 0.8915235996246338], [0.5756672024726868, 0.361947238445282, -0.7332131862640381, -1.2663302421569824], [2.9802322387695312e-08, 0.8966948390007019, 0.4426492750644684, 0.48007017374038696], [0.0, 0.0, 0.0, 1.0]]}, {"file_path": "./train/r_99", "transform_matrix": [[0.868834912776947, -0.21892720460891724, 0.44406840205192566, 0.7677522897720337], [0.4951018691062927, 0.3841868042945862, -0.7792782783508301, -1.347298502922058], [-1.4901161193847656e-08, 0.8969232439994812, 0.4421862065792084, 0.48007017374038696], [0.0, 0.0, 0.0, 1.0]]}]}