{"camera_angle_x": 1.479759693145752, "frames": [{"file_path": "./train/r_0", "transform_matrix": [[1.0, 0.0, 0.0, 0.0], [0.0, 0.527846097946167, -0.8493400812149048, -1.407126784324646], [0.0, 0.8493400812149048, 0.5278460383415222, 0.5900700688362122], [0.0, 0.0, 0.0, 1.0]]}, {"file_path": "./train/r_1", "transform_matrix": [[0.9092472791671753, -0.21992452442646027, 0.3534158766269684, 0.5849682688713074], [0.4162566661834717, 0.4803905487060547, -0.7719814777374268, -1.2777713537216187], [1.4901162970204496e-08, 0.8490335941314697, 0.5283389091491699, 0.5900700688362122], [0.0, 0.0, 0.0, 1.0]]}, {"file_path": "./train/r_2", "transform_matrix": [[0.9257439374923706, -0.19967637956142426, 0.3211348354816437, 0.5318447947502136], [0.3781510889530182, 0.48882365226745605, -0.7861636281013489, -1.3019983768463135], [0.0, 0.8492236733436584, 0.5280333757400513, 0.5900700688362122], [0.0, 0.0, 0.0, 1.0]]}, {"file_path": "./train/r_3", "transform_matrix": [[0.9400357604026794, -0.1802726536989212, 0.2895422577857971, 0.47906267642974854], [0.34107622504234314, 0.49684712290763855, -0.7980036735534668, -1.320338487625122], [0.0, 0.8489078879356384, 0.5285407304763794, 0.5900700688362122], [0.0, 0.0, 0.0, 1.0]]}, {"file_path": "./train/r_4", "transform_matrix": [[0.952277421951294, -0.16130530834197998, 0.2591301500797272, 0.4288061857223511], [0.30523407459259033, 0.5032446384429932, -0.808441162109375, -1.3378009796142578], [0.0, 0.848955512046814, 0.5284644365310669, 0.5900700688362122], [0.0, 0.0, 0.0, 1.0]]}, {"file_path": "./train/r_5", "transform_matrix": [[0.9626102447509766, -0.14299973845481873, 0.23007096350193024, 0.3811350166797638], [0.27089035511016846, 0.5081502795219421, -0.8175583481788635, -1.3543652296066284], [7.450581485102248e-09, 0.8493139147758484, 0.5278880000114441, 0.5900700688362122], [0.0, 0.0, 0.0, 1.0]]}, {"file_path": "./train/r_6", "transform_matrix": [[0.9712240695953369, -0.12583251297473907, 0.2022128701210022, 0.3347014784812927], [0.23816773295402527, 0.5131323337554932, -0.824603796005249, -1.3648790121078491], [7.450580596923828e-09, 0.8490355610847473, 0.5283357501029968, 0.5900700688362122], [0.0, 0.0, 0.0, 1.0]]}, {"file_path": "./train/r_7", "transform_matrix": [[0.9783234596252441, -0.10946675390005112, 0.17578469216823578, 0.2908046543598175], [0.20708267390727997, 0.5171552896499634, -0.8304620385169983, -1.3738524913787842], [0.0, 0.8488624095916748, 0.5286138653755188, 0.5900700688362122], [0.0, 0.0, 0.0, 1.0]]}, {"file_path": "./train/r_8", "transform_matrix": [[0.9840624332427979, -0.09398377686738968, 0.15095753967761993, 0.24977527558803558], [0.17782330513000488, 0.5201000571250916, -0.8353890776634216, -1.382239818572998], [-7.4505797087454084e-09, 0.8489187359809875, 0.5285234451293945, 0.5900700688362122], [0.0, 0.0, 0.0, 1.0]]}, {"file_path": "./train/r_9", "transform_matrix": [[0.9886033535003662, -0.07950795441865921, 0.12783606350421906, 0.21167320013046265], [0.15054425597190857, 0.5221177339553833, -0.839481770992279, -1.390028715133667], [0.0, 0.8491593599319458, 0.5281367301940918, 0.5900700688362122], [0.0, 0.0, 0.0, 1.0]]}, {"file_path": "./train/r_10", "transform_matrix": [[0.9921115040779114, -0.06619641929864883, 0.10645598918199539, 0.1762988418340683], [0.12535886466503143, 0.5238897800445557, -0.8425109386444092, -1.3952592611312866], [0.0, 0.8492099642753601, 0.5280553698539734, 0.5900700688362122], [0.0, 0.0, 0.0, 1.0]]}, {"file_path": "./train/r_11", "transform_matrix": [[0.9947582483291626, -0.05403861403465271, 0.08680929988622665, 0.14364953339099884], [0.1022547110915184, 0.5257005095481873, -0.8445016145706177, -1.3974570035934448], [3.725290298461914e-09, 0.848951518535614, 0.5284706950187683, 0.5900700688362122], [0.0, 0.0, 0.0, 1.0]]}, {"file_path": "./train/r_12", "transform_matrix": [[0.996688723564148, -0.04298735782504082, 0.0690203383564949, 0.11417011171579361], [0.08131249248981476, 0.5269179940223694, -0.8460175395011902, -1.3994413614273071], [0.0, 0.8488283157348633, 0.5286685824394226, 0.5900700688362122], [0.0, 0.0, 0.0, 1.0]]}, {"file_path": "./train/r_13", "transform_matrix": [[0.9980371594429016, -0.0331103578209877, 0.053157079964876175, 0.08792414516210556], [0.06262563914060593, 0.5276651382446289, -0.8471408486366272, -1.4012081623077393], [0.0, 0.8488068580627441, 0.5287030339241028, 0.5900700688362122], [0.0, 0.0, 0.0, 1.0]]}, {"file_path": "./train/r_14", "transform_matrix": [[0.9989290237426758, -0.024459511041641235, 0.03927674517035484, 0.06497523933649063], [0.04627018794417381, 0.528057336807251, -0.8479471802711487, -1.4027529954910278], [0.0, 0.8488563299179077, 0.5286235213279724, 0.5900700688362122], [0.0, 0.0, 0.0, 1.0]]}, {"file_path": "./train/r_15", "transform_matrix": [[0.9994781017303467, -0.01707266829907894, 0.027425754815340042, 0.04538298770785332], [0.03230554237961769, 0.5281990766525269, -0.8485057950019836, -1.4040718078613281], [0.0, 0.8489488959312439, 0.5284748673439026, 0.5900700688362122], [0.0, 0.0, 0.0, 1.0]]}, {"file_path": "./train/r_16", "transform_matrix": [[0.999783992767334, -0.010980545543134212, 0.01764756627380848, 0.02921232208609581], [0.020784825086593628, 0.5281821489334106, -0.8488766551017761, -1.4051603078842163], [-9.313225746154785e-10, 0.84906005859375, 0.5282962918281555, 0.5900700688362122], [0.0, 0.0, 0.0, 1.0]]}, {"file_path": "./train/r_17", "transform_matrix": [[0.9999862909317017, -0.0027730711735785007, 0.004460544791072607, 0.007388105615973473], [0.005252274218946695, 0.5279680490493774, -0.8492479920387268, -1.4066294431686401], [0.0, 0.849259614944458, 0.5279753804206848, 0.5900700688362122], [0.0, 0.0, 0.0, 1.0]]}, {"file_path": "./train/r_18", "transform_matrix": [[0.9999992251396179, -0.0006964816711843014, 0.0011205878108739853, 0.0018563932972028852], [0.001319395494647324, 0.527878999710083, -0.8493185043334961, -1.4070018529891968], [0.0, 0.8493192195892334, 0.5278794765472412, 0.5900700688362122], [0.0, 0.0, 0.0, 1.0]]}, {"file_path": "./train/r_19", "transform_matrix": [[0.9886031150817871, 0.07950852066278458, -0.12783698737621307, -0.211674764752388], [-0.15054534375667572, 0.5221176147460938, -0.8394816517829895, -1.3900285959243774], [0.0, 0.8491594791412354, 0.528136670589447, 0.5900700688362122], [0.0, 0.0, 0.0, 1.0]]}, {"file_path": "./train/r_20", "transform_matrix": [[1.0, 0.0, 0.0, 0.0], [0.0, 0.527846097946167, -0.8493400812149048, -1.407126784324646], [0.0, 0.8493400812149048, 0.5278460383415222, 0.5900700688362122], [0.0, 0.0, 0.0, 1.0]]}, {"file_path": "./train/r_21", "transform_matrix": [[0.9840623140335083, 0.09398415684700012, -0.1509581208229065, -0.24977625906467438], [-0.177824005484581, 0.5200999975204468, -0.8353888988494873, -1.3822396993637085], [-7.450580596923828e-09, 0.8489187359809875, 0.5285233855247498, 0.5900700688362122], [0.0, 0.0, 0.0, 1.0]]}, {"file_path": "./train/r_22", "transform_matrix": [[0.9783233404159546, 0.10946717858314514, -0.1757853776216507, -0.290805846452713], [-0.20708349347114563, 0.5171551704406738, -0.830461859703064, -1.3738524913787842], [0.0, 0.8488624691963196, 0.5286137461662292, 0.5900700688362122], [0.0, 0.0, 0.0, 1.0]]}, {"file_path": "./train/r_23", "transform_matrix": [[0.9712240099906921, 0.12583264708518982, -0.2022131234407425, -0.3347019553184509], [-0.23816803097724915, 0.5131322145462036, -0.8246036767959595, -1.3648791313171387], [7.450581485102248e-09, 0.8490355610847473, 0.528335690498352, 0.5900700688362122], [0.0, 0.0, 0.0, 1.0]]}, {"file_path": "./train/r_24", "transform_matrix": [[0.9400352835655212, 0.18027319014072418, -0.28954315185546875, -0.4790641963481903], [-0.34107720851898193, 0.49684691429138184, -0.7980034351348877, -1.3203381299972534], [0.0, 0.8489079475402832, 0.5285407304763794, 0.5900700688362122], [0.0, 0.0, 0.0, 1.0]]}, {"file_path": "./train/r_25", "transform_matrix": [[0.925743579864502, 0.19967688620090485, -0.3211356997489929, -0.5318463444709778], [-0.37815213203430176, 0.4888233542442322, -0.7861632704734802, -1.3019980192184448], [0.0, 0.8492236733436584, 0.5280332565307617, 0.5900700688362122], [0.0, 0.0, 0.0, 1.0]]}, {"file_path": "./train/r_26", "transform_matrix": [[0.9999991655349731, 0.0006967708468437195, -0.001121052890084684, -0.0018571635009720922], [-0.0013199428794905543, 0.5278790593147278, -0.8493185043334961, -1.4070017337799072], [0.0, 0.8493192195892334, 0.527879536151886, 0.5900700688362122], [0.0, 0.0, 0.0, 1.0]]}, {"file_path": "./train/r_27", "transform_matrix": [[0.9092468023300171, 0.2199249565601349, -0.3534165620803833, -0.5849694609642029], [-0.41625744104385376, 0.48039039969444275, -0.7719811201095581, -1.2777708768844604], [1.4901161193847656e-08, 0.8490335941314697, 0.5283388495445251, 0.5900700688362122], [0.0, 0.0, 0.0, 1.0]]}, {"file_path": "./train/r_28", "transform_matrix": [[0.8903099298477173, 0.24068832397460938, -0.38654547929763794, -0.6395207047462463], [-0.45535510778427124, 0.4705936312675476, -0.7557734251022339, -1.2503904104232788], [0.0, 0.8488879203796387, 0.5285728573799133, 0.5900700688362122], [0.0, 0.0, 0.0, 1.0]]}, {"file_path": "./train/r_29", "transform_matrix": [[0.8688344955444336, 0.26144057512283325, -0.4204467535018921, -0.6962931156158447], [-0.4951026439666748, 0.45879092812538147, -0.737824022769928, -1.2218949794769287], [1.4901161193847656e-08, 0.8492112159729004, 0.5280532836914062, 0.5900700688362122], [0.0, 0.0, 0.0, 1.0]]}, {"file_path": "./train/r_30", "transform_matrix": [[0.8447006940841675, 0.28285032510757446, -0.45439690351486206, -0.7519437074661255], [-0.535239040851593, 0.4463872015476227, -0.7171176671981812, -1.1866984367370605], [0.0, 0.8489606380462646, 0.5284560918807983, 0.5900700688362122], [0.0, 0.0, 0.0, 1.0]]}, {"file_path": "./train/r_31", "transform_matrix": [[0.81768399477005, 0.3042684495449066, -0.4886857271194458, -0.8085433840751648], [-0.5756675004959106, 0.43218597769737244, -0.6941341757774353, -1.148463249206543], [-1.4901162970204496e-08, 0.8489028215408325, 0.5285488963127136, 0.5900700688362122], [0.0, 0.0, 0.0, 1.0]]}, {"file_path": "./train/r_32", "transform_matrix": [[0.787785530090332, 0.3252238631248474, -0.5230903625488281, -0.866360068321228], [-0.6159497499465942, 0.41595378518104553, -0.6690204739570618, -1.108054518699646], [0.0, 0.8492419719696045, 0.5280038714408875, 0.5900700688362122], [0.0, 0.0, 0.0, 1.0]]}, {"file_path": "./train/r_33", "transform_matrix": [[0.7548338174819946, 0.34674444794654846, -0.5567712187767029, -0.9210314154624939], [-0.6559160947799683, 0.3990364074707031, -0.640736997127533, -1.059930682182312], [0.0, 0.8488451838493347, 0.528641402721405, 0.5900700688362122], [0.0, 0.0, 0.0, 1.0]]}, {"file_path": "./train/r_34", "transform_matrix": [[0.7187613844871521, 0.3672545552253723, -0.5903441309928894, -0.9773321151733398], [-0.6952568888664246, 0.37967029213905334, -0.6103018522262573, -1.0103727579116821], [0.0, 0.849102258682251, 0.5282285809516907, 0.5900700688362122], [0.0, 0.0, 0.0, 1.0]]}, {"file_path": "./train/r_35", "transform_matrix": [[0.6796119213104248, 0.387711763381958, -0.6227417588233948, -1.030387282371521], [-0.7335718870162964, 0.35919252038002014, -0.5769342184066772, -0.9545942544937134], [0.0, 0.8489171266555786, 0.5285259485244751, 0.5900700688362122], [0.0, 0.0, 0.0, 1.0]]}, {"file_path": "./train/r_36", "transform_matrix": [[0.5917560458183289, 0.4258945882320404, -0.6844257712364197, -1.1328730583190918], [-0.8061171770095825, 0.31264153122901917, -0.5024245977401733, -0.8316215872764587], [0.0, 0.8490400314331055, 0.5283284187316895, 0.5900700688362122], [0.0, 0.0, 0.0, 1.0]]}, {"file_path": "./train/r_37", "transform_matrix": [[0.543088436126709, 0.44380518794059753, -0.7128056883811951, -1.1793675422668457], [-0.8396755456924438, 0.287045955657959, -0.46103107929229736, -0.762795627117157], [1.4901161193847656e-08, 0.8489061594009399, 0.5285436511039734, 0.5900700688362122], [0.0, 0.0, 0.0, 1.0]]}, {"file_path": "./train/r_38", "transform_matrix": [[0.4914737939834595, 0.4599478244781494, -0.7395278811454773, -1.22452974319458], [-0.8708924055099487, 0.25956398248672485, -0.41734039783477783, -0.6910431981086731], [0.0, 0.8491610288619995, 0.5281339287757874, 0.5900700688362122], [0.0, 0.0, 0.0, 1.0]]}, {"file_path": "./train/r_39", "transform_matrix": [[0.43683749437332153, 0.47545304894447327, -0.7636212110519409, -1.2634261846542358], [-0.8995404839515686, 0.2308909147977829, -0.3708319664001465, -0.6135486960411072], [1.4901162970204496e-08, 0.8489014506340027, 0.5285511016845703, 0.5900700688362122], [0.0, 0.0, 0.0, 1.0]]}, {"file_path": "./train/r_40", "transform_matrix": [[0.37948429584503174, 0.4885079860687256, -0.785717248916626, -1.3013323545455933], [-0.9251981973648071, 0.20036908984184265, -0.3222740590572357, -0.5337615609169006], [0.0, 0.849242091178894, 0.5280036330223083, 0.5900700688362122], [0.0, 0.0, 0.0, 1.0]]}, {"file_path": "./train/r_41", "transform_matrix": [[0.2570450007915497, 0.5102347731590271, -0.8207243084907532, -1.3593859672546387], [-0.9663995504379272, 0.13571330904960632, -0.21829797327518463, -0.3615723252296448], [0.0, 0.8492599129676819, 0.5279750227928162, 0.5900700688362122], [0.0, 0.0, 0.0, 1.0]]}, {"file_path": "./train/r_42", "transform_matrix": [[0.12596021592617035, 0.523836076259613, -0.8424546122550964, -1.3952019214630127], [-0.9920353889465332, 0.06651224941015244, -0.10696770995855331, -0.17715086042881012], [7.450581485102248e-09, 0.8492183685302734, 0.5280417799949646, 0.5900700688362122], [0.0, 0.0, 0.0, 1.0]]}, {"file_path": "./train/r_43", "transform_matrix": [[0.05784996598958969, 0.527804970741272, -0.8473932147026062, -1.401659369468689], [-0.9983252882957458, 0.03058472089469433, -0.04910390451550484, -0.08122196793556213], [0.0, 0.8488147854804993, 0.5286903381347656, 0.5900700688362122], [0.0, 0.0, 0.0, 1.0]]}, {"file_path": "./train/r_44", "transform_matrix": [[0.9999309182167053, 0.006207046564668417, -0.00998035166412592, -0.01652613840997219], [-0.011753079481422901, 0.528084397315979, -0.84911048412323, -1.406014323234558], [-4.656613428188905e-10, 0.849169135093689, 0.5281208753585815, 0.5900700688362122], [0.0, 0.0, 0.0, 1.0]]}, {"file_path": "./train/r_45", "transform_matrix": [[-0.011419019661843777, 0.5280793905258179, -0.8491182923316956, -1.406045913696289], [-0.9999347925186157, -0.006030541844666004, 0.00969673041254282, 0.016056712716817856], [0.0, 0.8491736054420471, 0.528113842010498, 0.5900700688362122], [0.0, 0.0, 0.0, 1.0]]}, {"file_path": "./train/r_46", "transform_matrix": [[-0.08163423836231232, 0.5269022583961487, -0.8459963202476501, -1.3994110822677612], [-0.9966623783111572, -0.04315731301903725, 0.0692935436964035, 0.11462242901325226], [-3.725290742551124e-09, 0.8488293886184692, 0.5286667346954346, 0.5900700688362122], [0.0, 0.0, 0.0, 1.0]]}, {"file_path": "./train/r_47", "transform_matrix": [[-0.1522032469511032, 0.522014856338501, -0.8392464518547058, -1.3895556926727295], [-0.9883493185043335, -0.08038894087076187, 0.12924179434776306, 0.21398799121379852], [7.450581485102248e-09, 0.8491396307945251, 0.5281683802604675, 0.5900700688362122], [0.0, 0.0, 0.0, 1.0]]}, {"file_path": "./train/r_48", "transform_matrix": [[-0.22291718423366547, 0.5152218341827393, -0.8275592923164368, -1.3692914247512817], [-0.9748374223709106, -0.11781638115644455, 0.18923893570899963, 0.31311744451522827], [-7.450580596923828e-09, 0.8489203453063965, 0.5285208225250244, 0.5900700688362122], [0.0, 0.0, 0.0, 1.0]]}, {"file_path": "./train/r_49", "transform_matrix": [[-0.36254531145095825, 0.4923776090145111, -0.7912807464599609, -1.3097587823867798], [-0.9319661855697632, -0.1915404200553894, 0.30781710147857666, 0.50951087474823], [0.0, 0.8490445017814636, 0.5283213257789612, 0.5900700688362122], [0.0, 0.0, 0.0, 1.0]]}, {"file_path": "./train/r_50", "transform_matrix": [[-0.4305402636528015, 0.4770151674747467, -0.7662190794944763, -1.2678303718566895], [-0.902571439743042, -0.22754347324371338, 0.3654981255531311, 0.6047743558883667], [0.0, 0.8489290475845337, 0.528506875038147, 0.5900700688362122], [0.0, 0.0, 0.0, 1.0]]}, {"file_path": "./train/r_51", "transform_matrix": [[-0.4968329668045044, 0.45823365449905396, -0.7370067834854126, -1.2206358909606934], [-0.8678462505340576, -0.26233401894569397, 0.421928733587265, 0.6988013982772827], [-1.4901161193847656e-08, 0.8492366075515747, 0.5280125141143799, 0.5900700688362122], [0.0, 0.0, 0.0, 1.0]]}, {"file_path": "./train/r_52", "transform_matrix": [[-0.5607942342758179, 0.4376733601093292, -0.7028171420097351, -1.1626739501953125], [-0.8279552459716797, -0.2964468002319336, 0.47603511810302734, 0.7875072956085205], [0.0, 0.8488588333129883, 0.5286195874214172, 0.5900700688362122], [0.0, 0.0, 0.0, 1.0]]}, {"file_path": "./train/r_53", "transform_matrix": [[-0.6220037341117859, 0.4135596454143524, -0.6648908853530884, -1.1008819341659546], [-0.7830142974853516, -0.328519731760025, 0.5281699299812317, 0.8745085000991821], [0.0, 0.8491426706314087, 0.5281636118888855, 0.5900700688362122], [0.0, 0.0, 0.0, 1.0]]}, {"file_path": "./train/r_54", "transform_matrix": [[0.999783992767334, 0.010980572551488876, -0.01764760911464691, -0.02921239472925663], [-0.020784877240657806, 0.5281821489334106, -0.8488766551017761, -1.4051603078842163], [9.313225746154785e-10, 0.84906005859375, 0.5282962918281555, 0.5900700688362122], [0.0, 0.0, 0.0, 1.0]]}, {"file_path": "./train/r_55", "transform_matrix": [[-0.6800679564476013, 0.3874838650226593, -0.6223856210708618, -1.0298100709915161], [-0.7331491112709045, -0.3594294488430023, 0.5773239135742188, 0.9552501440048218], [-2.9802322387695312e-08, 0.8489209413528442, 0.5285198092460632, 0.5900700688362122], [0.0, 0.0, 0.0, 1.0]]}, {"file_path": "./train/r_56", "transform_matrix": [[-0.7343916296958923, 0.35873207449913025, -0.5761772990226746, -0.9533213376998901], [-0.6787260174751282, -0.38815340399742126, 0.6234323978424072, 1.0315078496932983], [1.4901161193847656e-08, 0.8489100933074951, 0.5285373330116272, 0.5900700688362122], [0.0, 0.0, 0.0, 1.0]]}, {"file_path": "./train/r_57", "transform_matrix": [[-0.7847024202346802, 0.32736092805862427, -0.5263810753822327, -0.8716353178024292], [-0.6198727488517761, -0.4144091010093689, 0.6663504838943481, 1.1034108400344849], [0.0, 0.8491759300231934, 0.5281099081039429, 0.5900700688362122], [0.0, 0.0, 0.0, 1.0]]}, {"file_path": "./train/r_58", "transform_matrix": [[-0.8304804563522339, 0.2944653630256653, -0.4728555381298065, -0.782249927520752], [-0.5570477843284607, -0.4390067458152771, 0.7049615979194641, 1.1662254333496094], [1.4901161193847656e-08, 0.848859965801239, 0.528617799282074, 0.5900700688362122], [0.0, 0.0, 0.0, 1.0]]}, {"file_path": "./train/r_59", "transform_matrix": [[-0.8713942766189575, 0.25910285115242004, -0.4165785312652588, -0.689757227897644], [-0.49058330059051514, -0.46022918820381165, 0.7399439811706543, 1.2251752614974976], [-1.4901161193847656e-08, 0.8491494655609131, 0.5281526446342468, 0.5900700688362122], [0.0, 0.0, 0.0, 1.0]]}, {"file_path": "./train/r_60", "transform_matrix": [[-0.9071612358093262, 0.22234280407428741, -0.35724255442619324, -0.5912313461303711], [-0.4207833409309387, -0.4793459177017212, 0.770174503326416, 1.2746278047561646], [0.0, 0.8489941358566284, 0.5284021496772766, 0.5900700688362122], [0.0, 0.0, 0.0, 1.0]]}, {"file_path": "./train/r_61", "transform_matrix": [[-0.9373887777328491, 0.18406492471694946, -0.29567283391952515, -0.48925337195396423], [-0.34828484058380127, -0.49540022015571594, 0.7957865595817566, 1.3167976140975952], [0.0, 0.8489397764205933, 0.5284895896911621, 0.5900700688362122], [0.0, 0.0, 0.0, 1.0]]}, {"file_path": "./train/r_62", "transform_matrix": [[-0.9804838299751282, 0.10392668098211288, -0.1668854057788849, -0.2760789692401886], [-0.1965998262166977, -0.5183037519454956, 0.8322919011116028, 1.376862645149231], [7.4505797087454084e-09, 0.8488584756851196, 0.5286203622817993, 0.5900700688362122], [0.0, 0.0, 0.0, 1.0]]}, {"file_path": "./train/r_63", "transform_matrix": [[-0.9929490685462952, 0.06261385977268219, -0.10065647214651108, -0.16664893925189972], [-0.11854206025600433, -0.5244752168655396, 0.8431332111358643, 1.3959088325500488], [0.0, 0.8491203188896179, 0.5281994938850403, 0.5900700688362122], [0.0, 0.0, 0.0, 1.0]]}, {"file_path": "./train/r_64", "transform_matrix": [[0.9994781017303467, 0.01707259565591812, -0.02742563746869564, -0.0453827939927578], [-0.03230540454387665, 0.5281990766525269, -0.8485057950019836, -1.4040718078613281], [0.0, 0.8489488959312439, 0.5284748673439026, 0.5900700688362122], [0.0, 0.0, 0.0, 1.0]]}, {"file_path": "./train/r_65", "transform_matrix": [[-0.9992173314094543, 0.020908880978822708, -0.03358067572116852, -0.05555880069732666], [-0.03955810144543648, -0.5281475782394409, 0.8482306599617004, 1.4033868312835693], [1.862645371275562e-09, 0.8488950133323669, 0.5285613536834717, 0.5900700688362122], [0.0, 0.0, 0.0, 1.0]]}, {"file_path": "./train/r_66", "transform_matrix": [[-0.9992172718048096, -0.020910143852233887, 0.03358269855380058, 0.05556214600801468], [0.03956048563122749, -0.5281476378440857, 0.8482304811477661, 1.4033865928649902], [1.862645593320167e-09, 0.8488949537277222, 0.5285613536834717, 0.5900700688362122], [0.0, 0.0, 0.0, 1.0]]}, {"file_path": "./train/r_67", "transform_matrix": [[-0.9929488301277161, -0.06261472404003143, 0.1006578728556633, 0.16665129363536835], [0.11854370683431625, -0.5244750380516052, 0.8431330323219299, 1.3959088325500488], [0.0, 0.8491203188896179, 0.5281994342803955, 0.5900700688362122], [0.0, 0.0, 0.0, 1.0]]}, {"file_path": "./train/r_68", "transform_matrix": [[-0.9804834127426147, -0.10392773896455765, 0.16688716411590576, 0.2760818898677826], [0.19660189747810364, -0.518303394317627, 0.8322916030883789, 1.3768622875213623], [0.0, 0.8488584160804749, 0.5286203026771545, 0.5900700688362122], [0.0, 0.0, 0.0, 1.0]]}, {"file_path": "./train/r_69", "transform_matrix": [[-0.9619165658950806, -0.14431032538414001, 0.23214466869831085, 0.3845286965370178], [0.27334338426589966, -0.5078392028808594, 0.8169350028038025, 1.3531861305236816], [7.450580596923828e-09, 0.849278450012207, 0.5279451608657837, 0.5900700688362122], [0.0, 0.0, 0.0, 1.0]]}, {"file_path": "./train/r_70", "transform_matrix": [[-0.9373881816864014, -0.18406572937965393, 0.2956741452217102, 0.48925554752349854], [0.34828639030456543, -0.49539992213249207, 0.7957861423492432, 1.316796898841858], [0.0, 0.8489397764205933, 0.5284895896911621, 0.5900700688362122], [0.0, 0.0, 0.0, 1.0]]}, {"file_path": "./train/r_71", "transform_matrix": [[-0.9071604013442993, -0.2223437875509262, 0.3572441339492798, 0.5912339687347412], [0.42078521847724915, -0.4793454706668854, 0.7701737880706787, 1.274626612663269], [0.0, 0.8489941358566284, 0.5284021496772766, 0.5900700688362122], [0.0, 0.0, 0.0, 1.0]]}, {"file_path": "./train/r_72", "transform_matrix": [[-0.8713934421539307, -0.2591036558151245, 0.41657984256744385, 0.6897594928741455], [0.4905847907066345, -0.46022874116897583, 0.7399433255195618, 1.2251743078231812], [0.0, 0.8491495251655579, 0.528152585029602, 0.5900700688362122], [0.0, 0.0, 0.0, 1.0]]}, {"file_path": "./train/r_73", "transform_matrix": [[-0.830479621887207, -0.2944660484790802, 0.47285664081573486, 0.78225177526474], [0.557049036026001, -0.43900632858276367, 0.7049608826637268, 1.1662242412567139], [1.4901161193847656e-08, 0.848859965801239, 0.528617799282074, 0.5900700688362122], [0.0, 0.0, 0.0, 1.0]]}, {"file_path": "./train/r_74", "transform_matrix": [[-0.7847014665603638, -0.327361524105072, 0.5263820886611938, 0.8716369271278381], [0.6198739409446716, -0.4144085645675659, 0.6663497090339661, 1.1034095287322998], [0.0, 0.8491760492324829, 0.5281099081039429, 0.5900700688362122], [0.0, 0.0, 0.0, 1.0]]}, {"file_path": "./train/r_75", "transform_matrix": [[-0.7343903183937073, -0.35873278975486755, 0.5761785507202148, 0.953323483467102], [0.678727388381958, -0.38815271854400635, 0.6234313249588013, 1.031506061553955], [1.4901159417490817e-08, 0.8489100933074951, 0.5285373330116272, 0.5900700688362122], [0.0, 0.0, 0.0, 1.0]]}, {"file_path": "./train/r_76", "transform_matrix": [[-0.680066704750061, -0.38748449087142944, 0.622386634349823, 1.0298116207122803], [0.7331503033638, -0.359428733587265, 0.5773228406906128, 0.9552482962608337], [-1.4901161193847656e-08, 0.8489209413528442, 0.528519868850708, 0.5900700688362122], [0.0, 0.0, 0.0, 1.0]]}, {"file_path": "./train/r_77", "transform_matrix": [[-0.5607927441596985, -0.4376739263534546, 0.702817976474762, 1.162675380706787], [0.8279563188552856, -0.2964460253715515, 0.4760338366031647, 0.7875052094459534], [-1.4901161193847656e-08, 0.8488589525222778, 0.5286195874214172, 0.5900700688362122], [0.0, 0.0, 0.0, 1.0]]}, {"file_path": "./train/r_78", "transform_matrix": [[-0.49683135747909546, -0.45823419094085693, 0.7370074987411499, 1.2206370830535889], [0.8678471446037292, -0.2623332142829895, 0.4219273328781128, 0.6987990736961365], [2.9802322387695312e-08, 0.8492366075515747, 0.5280125141143799, 0.5900700688362122], [0.0, 0.0, 0.0, 1.0]]}, {"file_path": "./train/r_79", "transform_matrix": [[-0.43053850531578064, -0.4770156145095825, 0.7662197351455688, 1.2678314447402954], [0.9025722742080688, -0.22754254937171936, 0.3654966354370117, 0.6047718524932861], [-1.4901161193847656e-08, 0.8489290475845337, 0.528506875038147, 0.5900700688362122], [0.0, 0.0, 0.0, 1.0]]}, {"file_path": "./train/r_80", "transform_matrix": [[-0.2930954098701477, -0.5051141977310181, 0.8117603063583374, 1.3436706066131592], [0.9560832977294922, -0.15484701097011566, 0.2488519698381424, 0.41191354393959045], [0.0, 0.8490477204322815, 0.5283161401748657, 0.5900700688362122], [0.0, 0.0, 0.0, 1.0]]}, {"file_path": "./train/r_81", "transform_matrix": [[-0.2229156792163849, -0.5152221322059631, 0.8275595307350159, 1.3692916631698608], [0.9748377799987793, -0.11781559139490128, 0.18923763930797577, 0.31311526894569397], [-7.450580596923828e-09, 0.8489203453063965, 0.5285208821296692, 0.5900700688362122], [0.0, 0.0, 0.0, 1.0]]}, {"file_path": "./train/r_82", "transform_matrix": [[0.9980370998382568, 0.033110640943050385, -0.05315753072500229, -0.08792491257190704], [-0.0626261755824089, 0.5276650786399841, -0.8471407294273376, -1.4012082815170288], [0.0, 0.8488068580627441, 0.5287029147148132, 0.5900700688362122], [0.0, 0.0, 0.0, 1.0]]}, {"file_path": "./train/r_83", "transform_matrix": [[-0.08163346350193024, -0.5269023180007935, 0.8459963798522949, 1.3994110822677612], [0.9966624975204468, -0.04315689578652382, 0.06929288059473038, 0.11462132632732391], [0.0, 0.848829448223114, 0.5286667943000793, 0.5900700688362122], [0.0, 0.0, 0.0, 1.0]]}, {"file_path": "./train/r_84", "transform_matrix": [[-0.011418179608881474, -0.5280794501304626, 0.8491182327270508, 1.4060460329055786], [0.9999349117279053, -0.0060300980694592, 0.00969601608812809, 0.016055531799793243], [-4.656613428188905e-10, 0.8491736054420471, 0.5281137824058533, 0.5900700688362122], [0.0, 0.0, 0.0, 1.0]]}, {"file_path": "./train/r_85", "transform_matrix": [[0.05785064026713371, -0.5278049111366272, 0.8473932147026062, 1.401659369468689], [0.9983253479003906, 0.030585071071982384, -0.0491044707596302, -0.08122290670871735], [-1.862645371275562e-09, 0.8488147854804993, 0.5286903381347656, 0.5900700688362122], [0.0, 0.0, 0.0, 1.0]]}, {"file_path": "./train/r_86", "transform_matrix": [[0.12596173584461212, -0.5238358974456787, 0.8424544334411621, 1.3952019214630127], [0.9920351505279541, 0.0665130466222763, -0.10696902126073837, -0.1771530658006668], [3.725290742551124e-09, 0.8492184281349182, 0.528041660785675, 0.5900700688362122], [0.0, 0.0, 0.0, 1.0]]}, {"file_path": "./train/r_87", "transform_matrix": [[0.19241634011268616, -0.5187327861785889, 0.833001971244812, 1.3780624866485596], [0.9813134074211121, 0.10171334445476532, -0.163335382938385, -0.2702110707759857], [7.450580596923828e-09, 0.8488643765449524, 0.5286107063293457, 0.5900700688362122], [0.0, 0.0, 0.0, 1.0]]}, {"file_path": "./train/r_88", "transform_matrix": [[0.2570458650588989, -0.5102345943450928, 0.8207240700721741, 1.3593858480453491], [0.9663992524147034, 0.13571378588676453, -0.21829871833324432, -0.36157363653182983], [-1.4901162970204496e-08, 0.8492599725723267, 0.5279749035835266, 0.5900700688362122], [0.0, 0.0, 0.0, 1.0]]}, {"file_path": "./train/r_89", "transform_matrix": [[0.31943875551223755, -0.5008669495582581, 0.8044198155403137, 1.3309062719345093], [0.9476069808006287, 0.16884246468544006, -0.2711702883243561, -0.4486491084098816], [1.4901161193847656e-08, 0.8488960862159729, 0.5285598039627075, 0.5900700688362122], [0.0, 0.0, 0.0, 1.0]]}, {"file_path": "./train/r_90", "transform_matrix": [[0.3794845640659332, -0.48850783705711365, 0.7857171893119812, 1.3013323545455933], [0.9251980781555176, 0.200369194149971, -0.3222742974758148, -0.5337619781494141], [0.0, 0.8492421507835388, 0.5280035734176636, 0.5900700688362122], [0.0, 0.0, 0.0, 1.0]]}, {"file_path": "./train/r_91", "transform_matrix": [[0.4368382394313812, -0.47545289993286133, 0.7636208534240723, 1.2634257078170776], [0.8995401859283447, 0.23089131712913513, -0.37083256244659424, -0.6135497689247131], [-1.4901164746561335e-08, 0.8489014506340027, 0.5285510420799255, 0.5900700688362122], [0.0, 0.0, 0.0, 1.0]]}, {"file_path": "./train/r_92", "transform_matrix": [[0.49147436022758484, -0.4599476158618927, 0.739527702331543, 1.224529504776001], [0.8708921670913696, 0.25956422090530396, -0.41734087467193604, -0.6910440325737], [1.4901162970204496e-08, 0.8491610884666443, 0.5281338691711426, 0.5900700688362122], [0.0, 0.0, 0.0, 1.0]]}, {"file_path": "./train/r_93", "transform_matrix": [[0.5430887341499329, -0.443805068731308, 0.7128055095672607, 1.1793673038482666], [0.8396753072738647, 0.2870461046695709, -0.46103134751319885, -0.76279616355896], [1.4901161193847656e-08, 0.8489061594009399, 0.5285435914993286, 0.5900700688362122], [0.0, 0.0, 0.0, 1.0]]}, {"file_path": "./train/r_94", "transform_matrix": [[0.5917571187019348, -0.4258941411972046, 0.6844250559806824, 1.1328719854354858], [0.8061162829399109, 0.31264209747314453, -0.502425491809845, -0.8316231966018677], [0.0, 0.849040150642395, 0.5283283591270447, 0.5900700688362122], [0.0, 0.0, 0.0, 1.0]]}, {"file_path": "./train/r_95", "transform_matrix": [[0.7187621593475342, -0.3672541677951813, 0.5903434157371521, 0.9773308634757996], [0.6952560544013977, 0.37967076897621155, -0.6103025078773499, -1.0103737115859985], [0.0, 0.8491021990776062, 0.5282286405563354, 0.5900700688362122], [0.0, 0.0, 0.0, 1.0]]}, {"file_path": "./train/r_96", "transform_matrix": [[0.7548342943191528, -0.346744179725647, 0.5567707419395447, 0.921030580997467], [0.6559155583381653, 0.399036705493927, -0.6407374143600464, -1.0599313974380493], [0.0, 0.8488451838493347, 0.528641402721405, 0.5900700688362122], [0.0, 0.0, 0.0, 1.0]]}, {"file_path": "./train/r_97", "transform_matrix": [[0.7877863645553589, -0.32522329688072205, 0.5230894684791565, 0.8663586378097534], [0.6159486770629883, 0.41595423221588135, -0.6690211892127991, -1.1080557107925415], [0.0, 0.8492419719696045, 0.5280038714408875, 0.5900700688362122], [0.0, 0.0, 0.0, 1.0]]}, {"file_path": "./train/r_98", "transform_matrix": [[0.8176841735839844, -0.3042682707309723, 0.4886854290962219, 0.8085429072380066], [0.5756672024726868, 0.432186096906662, -0.6941342949867249, -1.148463487625122], [-1.4901162970204496e-08, 0.8489028215408325, 0.5285488963127136, 0.5900700688362122], [0.0, 0.0, 0.0, 1.0]]}, {"file_path": "./train/r_99", "transform_matrix": [[0.8688349723815918, -0.2614401578903198, 0.4204460084438324, 0.6962918639183044], [0.4951018691062927, 0.4587911367416382, -0.7378243207931519, -1.221895456314087], [0.0, 0.8492112159729004, 0.5280532836914062, 0.5900700688362122], [0.0, 0.0, 0.0, 1.0]]}]}