{"camera_angle_x": 1.40241539478302, "frames": [{"file_path": "./train/r_0", "transform_matrix": [[0.9999999403953552, 0.0, 0.0, 0.0], [0.0, 0.5377691984176636, -0.8430920839309692, -1.637520432472229], [0.0, 0.8430920839309692, 0.5377691984176636, 0.7100700736045837], [0.0, 0.0, 0.0, 1.0]]}, {"file_path": "./train/r_1", "transform_matrix": [[0.9947581887245178, 0.05505383014678955, -0.08616964519023895, -0.16717062890529633], [-0.10225523263216019, 0.5355740785598755, -0.8382745981216431, -1.626267433166504], [3.725290298461914e-09, 0.8426917791366577, 0.5383961796760559, 0.7100700736045837], [0.0, 0.0, 0.0, 1.0]]}, {"file_path": "./train/r_2", "transform_matrix": [[0.8903102278709412, -0.24520787596702576, 0.3836936354637146, 0.7442305088043213], [0.4553544819355011, 0.47943103313446045, -0.7501987218856812, -1.4551212787628174], [0.0, 0.8426262736320496, 0.5384988784790039, 0.7100700736045837], [0.0, 0.0, 0.0, 1.0]]}, {"file_path": "./train/r_3", "transform_matrix": [[0.909247100353241, -0.2240559160709381, 0.3508112132549286, 0.6807471513748169], [0.41625654697418213, 0.4894149601459503, -0.7662920355796814, -1.486985206604004], [1.4901158529312397e-08, 0.842776358127594, 0.5382639765739441, 0.7100700736045837], [0.0, 0.0, 0.0, 1.0]]}, {"file_path": "./train/r_4", "transform_matrix": [[0.9400356411933899, -0.18365813791751862, 0.2874067425727844, 0.5575012564659119], [0.34107616543769836, 0.5061778426170349, -0.7921180725097656, -1.5365220308303833], [1.4901161193847656e-08, 0.8426468372344971, 0.5384665727615356, 0.7100700736045837], [0.0, 0.0, 0.0, 1.0]]}, {"file_path": "./train/r_5", "transform_matrix": [[0.9522773623466492, -0.1643349826335907, 0.25721949338912964, 0.4990161061286926], [0.30523407459259033, 0.5126965641975403, -0.802480161190033, -1.556843638420105], [1.4901160305669237e-08, 0.8426958322525024, 0.5383899807929993, 0.7100700736045837], [0.0, 0.0, 0.0, 1.0]]}, {"file_path": "./train/r_6", "transform_matrix": [[0.9626101851463318, -0.14568790793418884, 0.22837822139263153, 0.4435395300388336], [0.27089032530784607, 0.5177027583122253, -0.8115432262420654, -1.5761200189590454], [0.0, 0.8430652022361755, 0.5378113985061646, 0.7100700736045837], [0.0, 0.0, 0.0, 1.0]]}, {"file_path": "./train/r_7", "transform_matrix": [[0.9712239503860474, -0.1281963735818863, 0.2007225900888443, 0.38950327038764954], [0.23816771805286407, 0.5227718949317932, -0.8185265064239502, -1.5883551836013794], [0.0, 0.8427783250808716, 0.538260817527771, 0.7100700736045837], [0.0, 0.0, 0.0, 1.0]]}, {"file_path": "./train/r_8", "transform_matrix": [[0.9840623736381531, -0.09574881941080093, 0.149844229221344, 0.29067182540893555], [0.17782330513000488, 0.5298675894737244, -0.8292279839515686, -1.6085586547851562], [0.0, 0.8426579833030701, 0.5384491682052612, 0.7100700736045837], [0.0, 0.0, 0.0, 1.0]]}, {"file_path": "./train/r_9", "transform_matrix": [[0.9886032938957214, -0.08100198954343796, 0.12689462304115295, 0.24633117020130157], [0.15054422616958618, 0.5319288969039917, -0.8332995176315308, -1.6176228523254395], [7.450580596923828e-09, 0.8429058790206909, 0.5380610227584839, 0.7100700736045837], [0.0, 0.0, 0.0, 1.0]]}, {"file_path": "./train/r_10", "transform_matrix": [[0.9921114444732666, -0.0674404725432396, 0.10567224770784378, 0.2051648497581482], [0.12535883486270905, 0.5337355136871338, -0.8363083004951477, -1.623709797859192], [-7.450580152834618e-09, 0.8429580330848694, 0.5379793643951416, 0.7100700736045837], [0.0, 0.0, 0.0, 1.0]]}, {"file_path": "./train/r_11", "transform_matrix": [[0.9966886639595032, -0.04379449039697647, 0.06851103156805038, 0.13286356627941132], [0.08131247013807297, 0.5368114709854126, -0.8397747874259949, -1.6285767555236816], [0.0, 0.8425648808479309, 0.5385949015617371, 0.7100700736045837], [0.0, 0.0, 0.0, 1.0]]}, {"file_path": "./train/r_12", "transform_matrix": [[0.9989289045333862, -0.024918796494603157, 0.03898697346448898, 0.07561385631561279], [0.04627018794417381, 0.5379728674888611, -0.8416913151741028, -1.6324304342269897], [0.0, 0.8425937294960022, 0.5385497212409973, 0.7100700736045837], [0.0, 0.0, 0.0, 1.0]]}, {"file_path": "./train/r_13", "transform_matrix": [[0.9994780421257019, -0.017393318936228752, 0.027223525568842888, 0.05281369760632515], [0.03230553865432739, 0.5381194949150085, -0.8422492146492004, -1.633965253829956], [0.0, 0.842689037322998, 0.5384004712104797, 0.7100700736045837], [0.0, 0.0, 0.0, 1.0]]}, {"file_path": "./train/r_14", "transform_matrix": [[0.9999309182167053, -0.006323434412479401, 0.009906463325023651, 0.019231252372264862], [0.01175260916352272, 0.5380079746246338, -0.842857837677002, -1.636225938796997], [0.0, 0.8429160714149475, 0.5380451083183289, 0.7100700736045837], [0.0, 0.0, 0.0, 1.0]]}, {"file_path": "./train/r_15", "transform_matrix": [[0.9999861717224121, -0.0028251938056200743, 0.004427715670317411, 0.00859778467565775], [0.005252274218946695, 0.537891685962677, -0.8429976105690002, -1.63694167137146], [2.3283062977608182e-10, 0.8430092930793762, 0.5378990769386292, 0.7100700736045837], [0.0, 0.0, 0.0, 1.0]]}, {"file_path": "./train/r_16", "transform_matrix": [[0.9999991059303284, -0.0007095746113918722, 0.0011123435106128454, 0.002160346833989024], [0.0013193952618166804, 0.5378023982048035, -0.8430699110031128, -1.637374997138977], [0.0, 0.8430706858634949, 0.5378028154373169, 0.7100700736045837], [0.0, 0.0, 0.0, 1.0]]}, {"file_path": "./train/r_17", "transform_matrix": [[0.9886030554771423, 0.08100257068872452, -0.12689556181430817, -0.24633298814296722], [-0.15054531395435333, 0.5319287776947021, -0.833299458026886, -1.61762273311615], [0.0, 0.8429058790206909, 0.5380610227584839, 0.7100700736045837], [0.0, 0.0, 0.0, 1.0]]}, {"file_path": "./train/r_18", "transform_matrix": [[0.9999999403953552, 0.0, 0.0, 0.0], [0.0, 0.5377691984176636, -0.8430920839309692, -1.637520432472229], [0.0, 0.8430920839309692, 0.5377691984176636, 0.7100700736045837], [0.0, 0.0, 0.0, 1.0]]}, {"file_path": "./train/r_19", "transform_matrix": [[0.9840622544288635, 0.09574918448925018, -0.14984481036663055, -0.2906729578971863], [-0.1778239905834198, 0.5298675298690796, -0.8292279243469238, -1.6085585355758667], [7.450580152834618e-09, 0.8426580429077148, 0.5384491682052612, 0.7100700736045837], [0.0, 0.0, 0.0, 1.0]]}, {"file_path": "./train/r_20", "transform_matrix": [[0.9783232808113098, 0.11152273416519165, -0.17448854446411133, -0.33842048048973083], [-0.20708347856998444, 0.5268661975860596, -0.8243352174758911, -1.5987979173660278], [0.0, 0.8425999879837036, 0.5385399460792542, 0.7100700736045837], [0.0, 0.0, 0.0, 1.0]]}, {"file_path": "./train/r_21", "transform_matrix": [[0.9712238907814026, 0.12819649279117584, -0.2007228583097458, -0.3895038366317749], [-0.23816801607608795, 0.5227717757225037, -0.818526566028595, -1.5883554220199585], [1.4901160305669237e-08, 0.8427783250808716, 0.5382607579231262, 0.7100700736045837], [0.0, 0.0, 0.0, 1.0]]}, {"file_path": "./train/r_22", "transform_matrix": [[0.9626097083091736, 0.1456887125968933, -0.228379487991333, -0.4435419738292694], [-0.27089178562164307, 0.5177025198936462, -0.8115428686141968, -1.576119303703308], [0.0, 0.8430652022361755, 0.5378113985061646, 0.7100700736045837], [0.0, 0.0, 0.0, 1.0]]}, {"file_path": "./train/r_23", "transform_matrix": [[0.9522769451141357, 0.16433557868003845, -0.25722047686576843, -0.4990181028842926], [-0.30523523688316345, 0.5126963257789612, -0.8024798035621643, -1.5568431615829468], [1.4901161193847656e-08, 0.8426957726478577, 0.5383899211883545, 0.7100700736045837], [0.0, 0.0, 0.0, 1.0]]}, {"file_path": "./train/r_24", "transform_matrix": [[0.9400352835655212, 0.1836586892604828, -0.28740763664245605, -0.5575029850006104], [-0.34107717871665955, 0.5061776041984558, -0.7921178340911865, -1.536521553993225], [-1.4901160305669237e-08, 0.8426468968391418, 0.5384665727615356, 0.7100700736045837], [0.0, 0.0, 0.0, 1.0]]}, {"file_path": "./train/r_25", "transform_matrix": [[0.9257434606552124, 0.20342965424060822, -0.3187716603279114, -0.6189273595809937], [-0.378152072429657, 0.4980103671550751, -0.7803758978843689, -1.5151785612106323], [0.0, 0.8429721593856812, 0.5379571318626404, 0.7100700736045837], [0.0, 0.0, 0.0, 1.0]]}, {"file_path": "./train/r_26", "transform_matrix": [[0.9092468023300171, 0.2240563929080963, -0.3508119285106659, -0.6807485222816467], [-0.41625747084617615, 0.4894148111343384, -0.7662916779518127, -1.4869846105575562], [0.0, 0.8427762389183044, 0.5382639765739441, 0.7100700736045837], [0.0, 0.0, 0.0, 1.0]]}, {"file_path": "./train/r_27", "transform_matrix": [[0.8903098702430725, 0.24520811438560486, -0.3836941421031952, -0.7442315816879272], [-0.4553550183773041, 0.4794307351112366, -0.7501985430717468, -1.4551210403442383], [-1.4901160305669237e-08, 0.8426263332366943, 0.5384987592697144, 0.7100700736045837], [0.0, 0.0, 0.0, 1.0]]}, {"file_path": "./train/r_28", "transform_matrix": [[0.8688344359397888, 0.2663539946079254, -0.4173513948917389, -0.8102995753288269], [-0.4951026737689972, 0.4674132168292999, -0.7323920726776123, -1.4219599962234497], [0.0, 0.8429592847824097, 0.5379772782325745, 0.7100700736045837], [0.0, 0.0, 0.0, 1.0]]}, {"file_path": "./train/r_29", "transform_matrix": [[0.8447006344795227, 0.28816279768943787, -0.45104652643203735, -0.8750619888305664], [-0.5352389812469482, 0.4547712504863739, -0.711830198764801, -1.3810006380081177], [1.4901161193847656e-08, 0.8427011370658875, 0.5383815765380859, 0.7100700736045837], [0.0, 0.0, 0.0, 1.0]]}, {"file_path": "./train/r_30", "transform_matrix": [[0.8176838159561157, 0.30998244881629944, -0.48508137464523315, -0.9409289956092834], [-0.5756673812866211, 0.4403022229671478, -0.6890144944190979, -1.3365050554275513], [1.4901158529312397e-08, 0.8426416516304016, 0.5384747982025146, 0.7100700736045837], [0.0, 0.0, 0.0, 1.0]]}, {"file_path": "./train/r_31", "transform_matrix": [[0.7548337578773499, 0.3532552421092987, -0.552663266658783, -1.0718350410461426], [-0.6559160947799683, 0.40652909874916077, -0.6360095143318176, -1.2334767580032349], [1.4901160305669237e-08, 0.8425822854042053, 0.5385677218437195, 0.7100700736045837], [0.0, 0.0, 0.0, 1.0]]}, {"file_path": "./train/r_32", "transform_matrix": [[0.67961186170578, 0.39499303698539734, -0.6181489825248718, -1.1990962028503418], [-0.7335718274116516, 0.3659382164478302, -0.5726792812347412, -1.1108932495117188], [0.0, 0.8426563739776611, 0.5384517312049866, 0.7100700736045837], [0.0, 0.0, 0.0, 1.0]]}, {"file_path": "./train/r_33", "transform_matrix": [[0.6372116208076477, 0.41493335366249084, -0.6494548320770264, -1.259961724281311], [-0.7706888914108276, 0.3430701792240143, -0.5369744300842285, -1.0417463779449463], [-1.4901161193847656e-08, 0.8426939845085144, 0.5383928418159485, 0.7100700736045837], [0.0, 0.0, 0.0, 1.0]]}, {"file_path": "./train/r_34", "transform_matrix": [[0.5917559266090393, 0.4338953197002411, -0.6793818473815918, -1.3183621168136597], [-0.8061171174049377, 0.31851470470428467, -0.4987219274044037, -0.9677858352661133], [0.0, 0.8427830338478088, 0.5382534861564636, 0.7100700736045837], [0.0, 0.0, 0.0, 1.0]]}, {"file_path": "./train/r_35", "transform_matrix": [[0.5430883765220642, 0.452139675617218, -0.7075483202934265, -1.372469425201416], [-0.8396754860877991, 0.2924365699291229, -0.4576306939125061, -0.8876907825469971], [1.4901160305669237e-08, 0.8426450490951538, 0.5384694933891296, 0.7100700736045837], [0.0, 0.0, 0.0, 1.0]]}, {"file_path": "./train/r_36", "transform_matrix": [[0.4914737641811371, 0.4685908555984497, -0.7340818643569946, -1.4250261783599854], [-0.870892345905304, 0.26444151997566223, -0.41426700353622437, -0.8041900396347046], [-1.4901160305669237e-08, 0.8429076671600342, 0.5380582809448242, 0.7100700736045837], [0.0, 0.0, 0.0, 1.0]]}, {"file_path": "./train/r_37", "transform_matrix": [[0.43683740496635437, 0.48438191413879395, -0.7579889893531799, -1.470291256904602], [-0.8995404839515686, 0.23522692918777466, -0.36809679865837097, -0.7140070796012878], [0.0, 0.842640221118927, 0.5384770035743713, 0.7100700736045837], [0.0, 0.0, 0.0, 1.0]]}, {"file_path": "./train/r_38", "transform_matrix": [[0.37948429584503174, 0.497689425945282, -0.7799338102340698, -1.5144039392471313], [-0.9251981973648071, 0.2041349858045578, -0.31990188360214233, -0.6211561560630798], [0.0, 0.8429911136627197, 0.5379273891448975, 0.7100700736045837], [0.0, 0.0, 0.0, 1.0]]}, {"file_path": "./train/r_39", "transform_matrix": [[0.31943759322166443, 0.5102729797363281, -0.7984867691993713, -1.5488206148147583], [-0.9476073384284973, 0.1720125824213028, -0.2691692113876343, -0.5221061110496521], [0.0, 0.8426345586776733, 0.5384857654571533, 0.7100700736045837], [0.0, 0.0, 0.0, 1.0]]}, {"file_path": "./train/r_40", "transform_matrix": [[0.1924155354499817, 0.5284735560417175, -0.8268566727638245, -1.603697419166565], [-0.9813135266304016, 0.10362286865711212, -0.1621297001838684, -0.31445229053497314], [0.0, 0.8426019549369812, 0.5385369062423706, 0.7100700736045837], [0.0, 0.0, 0.0, 1.0]]}, {"file_path": "./train/r_41", "transform_matrix": [[0.12596020102500916, 0.5336810350418091, -0.8362526893615723, -1.6236430406570435], [-0.9920352697372437, 0.06776228547096252, -0.10618025809526443, -0.206156387925148], [3.725290076417309e-09, 0.8429667949676514, 0.537965714931488, 0.7100700736045837], [0.0, 0.0, 0.0, 1.0]]}, {"file_path": "./train/r_42", "transform_matrix": [[0.05784996226429939, 0.5377147793769836, -0.8411398530006409, -1.6311578750610352], [-0.9983252882957458, 0.031158961355686188, -0.04874153807759285, -0.09452071785926819], [-1.8626450382086546e-09, 0.8425509333610535, 0.5386167764663696, 0.7100700736045837], [0.0, 0.0, 0.0, 1.0]]}, {"file_path": "./train/r_43", "transform_matrix": [[0.9999308586120605, 0.006323687266558409, -0.009906858205795288, -0.019232019782066345], [-0.011753077618777752, 0.5380080342292786, -0.8428577780723572, -1.6362258195877075], [4.6566125955216364e-10, 0.8429160118103027, 0.5380451083183289, 0.7100700736045837], [0.0, 0.0, 0.0, 1.0]]}, {"file_path": "./train/r_44", "transform_matrix": [[-0.011419018730521202, 0.5380029678344727, -0.8428656458854675, -1.6362626552581787], [-0.999934732913971, -0.006143867038190365, 0.009625326842069626, 0.018685733899474144], [0.0, 0.8429206013679504, 0.5380380153656006, 0.7100700736045837], [0.0, 0.0, 0.0, 1.0]]}, {"file_path": "./train/r_45", "transform_matrix": [[-0.08163423836231232, 0.5367954969406128, -0.8397537469863892, -1.6285414695739746], [-0.9966623187065125, -0.04396764561533928, 0.06878223270177841, 0.13338994979858398], [-3.725290298461914e-09, 0.8425659537315369, 0.5385931134223938, 0.7100700736045837], [0.0, 0.0, 0.0, 1.0]]}, {"file_path": "./train/r_46", "transform_matrix": [[-0.15220321714878082, 0.5318236947059631, -0.8330653309822083, -1.6170724630355835], [-0.988349199295044, -0.08189946413040161, 0.12828990817070007, 0.24902498722076416], [7.450580152834618e-09, 0.8428855538368225, 0.538092851638794, 0.7100700736045837], [0.0, 0.0, 0.0, 1.0]]}, {"file_path": "./train/r_47", "transform_matrix": [[-0.22291718423366547, 0.5248978734016418, -0.8214561343193054, -1.5934901237487793], [-0.9748373031616211, -0.1200290098786354, 0.18784333765506744, 0.3643852472305298], [0.0, 0.842659592628479, 0.5384466052055359, 0.7100700736045837], [0.0, 0.0, 0.0, 1.0]]}, {"file_path": "./train/r_48", "transform_matrix": [[-0.4305402636528015, 0.48597386479377747, -0.7605685591697693, -1.4754165410995483], [-0.9025713801383972, -0.23181691765785217, 0.36280277371406555, 0.7037961483001709], [1.4901160305669237e-08, 0.8426685929298401, 0.5384325981140137, 0.7100700736045837], [0.0, 0.0, 0.0, 1.0]]}, {"file_path": "./train/r_49", "transform_matrix": [[-0.496832937002182, 0.4668459892272949, -0.7315817475318909, -1.420494794845581], [-0.8678462505340576, -0.2672644555568695, 0.4188229441642761, 0.8132185339927673], [1.4901161193847656e-08, 0.8429855108261108, 0.537936270236969, 0.7100700736045837], [0.0, 0.0, 0.0, 1.0]]}, {"file_path": "./train/r_50", "transform_matrix": [[-0.5607941150665283, 0.44589173793792725, -0.6976320147514343, -1.3530426025390625], [-0.8279551863670349, -0.3020133078098297, 0.4725230932235718, 0.9164485931396484], [0.0, 0.8425962924957275, 0.5385457277297974, 0.7100700736045837], [0.0, 0.0, 0.0, 1.0]]}, {"file_path": "./train/r_51", "transform_matrix": [[-0.6220036745071411, 0.4213305711746216, -0.6599938869476318, -1.2811330556869507], [-0.7830142974853516, -0.33469271659851074, 0.5242798924446106, 1.0176947116851807], [0.0, 0.8428887128829956, 0.5380880236625671, 0.7100700736045837], [0.0, 0.0, 0.0, 1.0]]}, {"file_path": "./train/r_52", "transform_matrix": [[0.9997839331626892, 0.011186862364411354, -0.017517568543553352, -0.03399543836712837], [-0.020784875378012657, 0.5381049513816833, -0.8426215648651123, -1.6352319717407227], [-9.313225191043273e-10, 0.8428035974502563, 0.5382212400436401, 0.7100700736045837], [0.0, 0.0, 0.0, 1.0]]}, {"file_path": "./train/r_53", "transform_matrix": [[-0.6800678968429565, 0.3947609066963196, -0.6177955865859985, -1.1984243392944336], [-0.7331490516662598, -0.36617958545684814, 0.573066234588623, 1.1116565465927124], [1.4901161193847656e-08, 0.8426602482795715, 0.5384455919265747, 0.7100700736045837], [0.0, 0.0, 0.0, 1.0]]}, {"file_path": "./train/r_54", "transform_matrix": [[-0.7343915104866028, 0.3654690086841583, -0.5719277858734131, -1.1094119548797607], [-0.6787260174751282, -0.3954428434371948, 0.6188343167304993, 1.2004001140594482], [1.4901161193847656e-08, 0.8426490426063538, 0.5384631752967834, 0.7100700736045837], [0.0, 0.0, 0.0, 1.0]]}, {"file_path": "./train/r_55", "transform_matrix": [[-0.8304803967475891, 0.29999473690986633, -0.46936699748039246, -0.9103303551673889], [-0.5570477247238159, -0.44725027680397034, 0.6997606754302979, 1.3571754693984985], [0.0, 0.8425973653793335, 0.5385439991950989, 0.7100700736045837], [0.0, 0.0, 0.0, 1.0]]}, {"file_path": "./train/r_56", "transform_matrix": [[-0.8713942170143127, 0.26397162675857544, -0.4135105311870575, -0.8026934862136841], [-0.49058327078819275, -0.46887731552124023, 0.7344945073127747, 1.4257774353027344], [0.0, 0.8428956270217896, 0.5380770564079285, 0.7100700736045837], [0.0, 0.0, 0.0, 1.0]]}, {"file_path": "./train/r_57", "transform_matrix": [[-0.9071611762046814, 0.22651922702789307, -0.35460910201072693, -0.6880356669425964], [-0.42078331112861633, -0.4883498251438141, 0.7644971013069153, 1.483327031135559], [0.0, 0.8427356481552124, 0.5383275151252747, 0.7100700736045837], [0.0, 0.0, 0.0, 1.0]]}, {"file_path": "./train/r_58", "transform_matrix": [[-0.9373887777328491, 0.18752187490463257, -0.29349255561828613, -0.5693604946136475], [-0.3482848107814789, -0.504704475402832, 0.7899184823036194, 1.5324013233184814], [-1.4901160305669237e-08, 0.8426796197891235, 0.5384153127670288, 0.7100700736045837], [0.0, 0.0, 0.0, 1.0]]}, {"file_path": "./train/r_59", "transform_matrix": [[-0.9619171023368835, 0.14702178537845612, -0.2304346114397049, -0.44748562574386597], [-0.2733413875102997, -0.5173850655555725, 0.8109235763549805, 1.5747488737106323], [7.450580596923828e-09, 0.8430286645889282, 0.5378686785697937, 0.7100700736045837], [0.0, 0.0, 0.0, 1.0]]}, {"file_path": "./train/r_60", "transform_matrix": [[-0.9804838299751282, 0.10587814450263977, -0.16565415263175964, -0.321282297372818], [-0.1965998113155365, -0.5280361771583557, 0.8261514902114868, 1.6023011207580566], [0.0, 0.8425957560539246, 0.5385465025901794, 0.7100700736045837], [0.0, 0.0, 0.0, 1.0]]}, {"file_path": "./train/r_61", "transform_matrix": [[-0.9929490685462952, 0.06379033625125885, -0.0999150350689888, -0.19393494725227356], [-0.11854206770658493, -0.5343297719955444, 0.8369226455688477, 1.6244657039642334], [0.0, 0.8428655862808228, 0.5381240844726562, 0.7100700736045837], [0.0, 0.0, 0.0, 1.0]]}, {"file_path": "./train/r_62", "transform_matrix": [[-0.9992172122001648, 0.02130153588950634, -0.033332984894514084, -0.06465563178062439], [-0.03955809399485588, -0.5380658507347107, 0.8419740796089172, 1.63316810131073], [0.0, 0.8426336050033569, 0.5384873151779175, 0.7100700736045837], [0.0, 0.0, 0.0, 1.0]]}, {"file_path": "./train/r_63", "transform_matrix": [[-0.99921715259552, -0.02130282111465931, 0.033334992825984955, 0.06465952843427658], [0.039560478180646896, -0.5380658507347107, 0.8419739603996277, 1.6331678628921509], [0.0, 0.8426336050033569, 0.5384873151779175, 0.7100700736045837], [0.0, 0.0, 0.0, 1.0]]}, {"file_path": "./train/r_64", "transform_matrix": [[-0.9929488301277161, -0.06379121541976929, 0.09991642832756042, 0.19393767416477203], [0.11854370683431625, -0.5343295931816101, 0.8369225263595581, 1.6244657039642334], [0.0, 0.8428657054901123, 0.5381240248680115, 0.7100700736045837], [0.0, 0.0, 0.0, 1.0]]}, {"file_path": "./train/r_65", "transform_matrix": [[-0.9804834127426147, -0.10587926208972931, 0.1656559258699417, 0.3212857246398926], [0.19660188257694244, -0.5280359387397766, 0.8261511921882629, 1.6023006439208984], [7.450580152834618e-09, 0.8425958156585693, 0.5385465025901794, 0.7100700736045837], [0.0, 0.0, 0.0, 1.0]]}, {"file_path": "./train/r_66", "transform_matrix": [[-0.961916446685791, -0.14702287316322327, 0.230436310172081, 0.4474888741970062], [0.27334335446357727, -0.5173848867416382, 0.810923159122467, 1.574747920036316], [1.4901158529312397e-08, 0.8430286645889282, 0.5378687381744385, 0.7100700736045837], [0.0, 0.0, 0.0, 1.0]]}, {"file_path": "./train/r_67", "transform_matrix": [[-0.9373881220817566, -0.18752266466617584, 0.2934938073158264, 0.569362998008728], [0.3482862710952759, -0.5047041177749634, 0.7899179458618164, 1.5324004888534546], [1.4901160305669237e-08, 0.8426796197891235, 0.538415253162384, 0.7100700736045837], [0.0, 0.0, 0.0, 1.0]]}, {"file_path": "./train/r_68", "transform_matrix": [[-0.8713933825492859, -0.2639724016189575, 0.41351187229156494, 0.802696168422699], [0.4905847907066345, -0.46887677907943726, 0.7344938516616821, 1.4257762432098389], [1.4901158529312397e-08, 0.8428957462310791, 0.5380769968032837, 0.7100700736045837], [0.0, 0.0, 0.0, 1.0]]}, {"file_path": "./train/r_69", "transform_matrix": [[-0.8304795622825623, -0.29999545216560364, 0.4693680703639984, 0.9103325009346008], [0.557049036026001, -0.44724979996681213, 0.6997599005699158, 1.3571741580963135], [-1.4901161193847656e-08, 0.8425973653793335, 0.5385439395904541, 0.7100700736045837], [0.0, 0.0, 0.0, 1.0]]}, {"file_path": "./train/r_70", "transform_matrix": [[-0.784701406955719, -0.3335132896900177, 0.5225059986114502, 1.0143530368804932], [0.6198738217353821, -0.4221961200237274, 0.6614429354667664, 1.2840745449066162], [0.0, 0.8429231643676758, 0.5380340814590454, 0.7100700736045837], [0.0, 0.0, 0.0, 1.0]]}, {"file_path": "./train/r_71", "transform_matrix": [[0.998928964138031, 0.024918531998991966, -0.03898656740784645, -0.07561307400465012], [-0.04626970365643501, 0.5379728078842163, -0.8416913151741028, -1.6324306726455688], [1.862645149230957e-09, 0.8425937294960022, 0.5385496616363525, 0.7100700736045837], [0.0, 0.0, 0.0, 1.0]]}, {"file_path": "./train/r_72", "transform_matrix": [[-0.7343901991844177, -0.3654697835445404, 0.5719290375709534, 1.1094143390655518], [0.6787274479866028, -0.3954421579837799, 0.6188331842422485, 1.2003979682922363], [1.4901161193847656e-08, 0.8426490426063538, 0.5384631752967834, 0.7100700736045837], [0.0, 0.0, 0.0, 1.0]]}, {"file_path": "./train/r_73", "transform_matrix": [[-0.6800666451454163, -0.3947615325450897, 0.6177965998649597, 1.1984262466430664], [0.7331502437591553, -0.3661789298057556, 0.5730651617050171, 1.1116544008255005], [1.4901161193847656e-08, 0.8426602482795715, 0.5384455919265747, 0.7100700736045837], [0.0, 0.0, 0.0, 1.0]]}, {"file_path": "./train/r_74", "transform_matrix": [[-0.6220023036003113, -0.4213312268257141, 0.6599947810173035, 1.2811349630355835], [0.7830153107643127, -0.3346920311450958, 0.5242787003517151, 1.0176925659179688], [0.0, 0.8428887128829956, 0.5380879640579224, 0.7100700736045837], [0.0, 0.0, 0.0, 1.0]]}, {"file_path": "./train/r_75", "transform_matrix": [[-0.5607926249504089, -0.4458923935890198, 0.6976328492164612, 1.3530441522598267], [0.8279562592506409, -0.30201256275177, 0.4725218415260315, 0.9164461493492126], [-1.4901160305669237e-08, 0.8425962924957275, 0.5385457277297974, 0.7100700736045837], [0.0, 0.0, 0.0, 1.0]]}, {"file_path": "./train/r_76", "transform_matrix": [[-0.43053850531578064, -0.48597434163093567, 0.7605692148208618, 1.4754178524017334], [0.9025722146034241, -0.23181599378585815, 0.3628012537956238, 0.7037932276725769], [0.0, 0.8426685333251953, 0.5384325981140137, 0.7100700736045837], [0.0, 0.0, 0.0, 1.0]]}, {"file_path": "./train/r_77", "transform_matrix": [[-0.36254268884658813, -0.5016279816627502, 0.7854503393173218, 1.5242115259170532], [0.9319671392440796, -0.19513732194900513, 0.30554649233818054, 0.5929305553436279], [0.0, 0.842787504196167, 0.5382463932037354, 0.7100700736045837], [0.0, 0.0, 0.0, 1.0]]}, {"file_path": "./train/r_78", "transform_matrix": [[-0.29309535026550293, -0.514603316783905, 0.8057782053947449, 1.5636743307113647], [0.9560832381248474, -0.1577559858560562, 0.24701811373233795, 0.4793575704097748], [0.0, 0.8427909016609192, 0.5382410883903503, 0.7100700736045837], [0.0, 0.0, 0.0, 1.0]]}, {"file_path": "./train/r_79", "transform_matrix": [[-0.2229156643152237, -0.5248980522155762, 0.8214564323425293, 1.593490481376648], [0.9748377203941345, -0.12002818286418915, 0.18784204125404358, 0.36438268423080444], [0.0, 0.842659592628479, 0.5384466648101807, 0.7100700736045837], [0.0, 0.0, 0.0, 1.0]]}, {"file_path": "./train/r_80", "transform_matrix": [[-0.08163345605134964, -0.5367956161499023, 0.8397538661956787, 1.6285414695739746], [0.996662437915802, -0.04396722465753555, 0.06878157705068588, 0.1333886682987213], [-3.725290076417309e-09, 0.8425659537315369, 0.5385931730270386, 0.7100700736045837], [0.0, 0.0, 0.0, 1.0]]}, {"file_path": "./train/r_81", "transform_matrix": [[-0.011418178677558899, -0.5380029678344727, 0.8428656458854675, 1.6362626552581787], [0.999934732913971, -0.006143415346741676, 0.009624619036912918, 0.01868435926735401], [4.656612040410124e-10, 0.8429206013679504, 0.5380380153656006, 0.7100700736045837], [0.0, 0.0, 0.0, 1.0]]}, {"file_path": "./train/r_82", "transform_matrix": [[0.05785062536597252, -0.5377147793769836, 0.8411398530006409, 1.6311578750610352], [0.9983251690864563, 0.03115932270884514, -0.04874210059642792, -0.09452180564403534], [-1.8626448161640496e-09, 0.8425509333610535, 0.5386167764663696, 0.7100700736045837], [0.0, 0.0, 0.0, 1.0]]}, {"file_path": "./train/r_83", "transform_matrix": [[0.12596173584461212, -0.5336808562278748, 0.8362525701522827, 1.6236430406570435], [0.9920351505279541, 0.06776309758424759, -0.1061815544962883, -0.20615893602371216], [0.0, 0.8429667353630066, 0.5379656553268433, 0.7100700736045837], [0.0, 0.0, 0.0, 1.0]]}, {"file_path": "./train/r_84", "transform_matrix": [[0.19241632521152496, -0.528473436832428, 0.8268566131591797, 1.603697419166565], [0.9813134074211121, 0.10362329334020615, -0.16213038563728333, -0.314453661441803], [0.0, 0.842602014541626, 0.5385368466377258, 0.7100700736045837], [0.0, 0.0, 0.0, 1.0]]}, {"file_path": "./train/r_85", "transform_matrix": [[0.25704577565193176, -0.5198248624801636, 0.8146837949752808, 1.5819628238677979], [0.9663991332054138, 0.13826459646224976, -0.21669207513332367, -0.42077529430389404], [7.4505792646561986e-09, 0.8430095911026001, 0.5378986597061157, 0.7100700736045837], [0.0, 0.0, 0.0, 1.0]]}, {"file_path": "./train/r_86", "transform_matrix": [[0.31943872570991516, -0.5102728009223938, 0.7984864115715027, 1.5488200187683105], [0.9476068615913391, 0.17201320827007294, -0.2691701650619507, -0.5221079587936401], [0.0, 0.8426346182823181, 0.5384857654571533, 0.7100700736045837], [0.0, 0.0, 0.0, 1.0]]}, {"file_path": "./train/r_87", "transform_matrix": [[0.3794845640659332, -0.4976893663406372, 0.7799338102340698, 1.5144039392471313], [0.9251980185508728, 0.20413511991500854, -0.31990212202072144, -0.621156632900238], [0.0, 0.8429911136627197, 0.5379273891448975, 0.7100700736045837], [0.0, 0.0, 0.0, 1.0]]}, {"file_path": "./train/r_88", "transform_matrix": [[0.43683820962905884, -0.48438161611557007, 0.7579886317253113, 1.4702907800674438], [0.8995401263237, 0.2352273166179657, -0.3680974245071411, -0.7140083909034729], [-1.4901161193847656e-08, 0.842640221118927, 0.5384769439697266, 0.7100700736045837], [0.0, 0.0, 0.0, 1.0]]}, {"file_path": "./train/r_89", "transform_matrix": [[0.4914742410182953, -0.4685906767845154, 0.7340816259384155, 1.4250258207321167], [0.8708919882774353, 0.2644418179988861, -0.41426748037338257, -0.8041910529136658], [0.0, 0.842907726764679, 0.5380582213401794, 0.7100700736045837], [0.0, 0.0, 0.0, 1.0]]}, {"file_path": "./train/r_90", "transform_matrix": [[0.9966885447502136, 0.04379485920071602, -0.06851161271333694, -0.13286469876766205], [-0.08131314814090729, 0.5368114709854126, -0.8397747874259949, -1.6285767555236816], [0.0, 0.8425648808479309, 0.5385949015617371, 0.7100700736045837], [0.0, 0.0, 0.0, 1.0]]}, {"file_path": "./train/r_91", "transform_matrix": [[0.5430886745452881, -0.45213958621025085, 0.7075481414794922, 1.3724690675735474], [0.83967524766922, 0.29243674874305725, -0.45763099193573, -0.8876913785934448], [0.0, 0.8426450490951538, 0.5384694933891296, 0.7100700736045837], [0.0, 0.0, 0.0, 1.0]]}, {"file_path": "./train/r_92", "transform_matrix": [[0.59175705909729, -0.43389490246772766, 0.6793811917304993, 1.3183610439300537], [0.8061163425445557, 0.31851527094841003, -0.4987228214740753, -0.9677876830101013], [1.4901160305669237e-08, 0.8427830934524536, 0.5382534265518188, 0.7100700736045837], [0.0, 0.0, 0.0, 1.0]]}, {"file_path": "./train/r_93", "transform_matrix": [[0.6372116208076477, -0.41493335366249084, 0.6494548320770264, 1.2599618434906006], [0.7706887722015381, 0.3430701792240143, -0.5369744300842285, -1.0417464971542358], [1.4901160305669237e-08, 0.8426940441131592, 0.5383927822113037, 0.7100700736045837], [0.0, 0.0, 0.0, 1.0]]}, {"file_path": "./train/r_94", "transform_matrix": [[0.6796120405197144, -0.3949929177761078, 0.6181488037109375, 1.1990958452224731], [0.7335715889930725, 0.36593830585479736, -0.5726794600486755, -1.1108936071395874], [1.4901160305669237e-08, 0.8426563739776611, 0.5384517312049866, 0.7100700736045837], [0.0, 0.0, 0.0, 1.0]]}, {"file_path": "./train/r_95", "transform_matrix": [[0.7187621593475342, -0.37415435910224915, 0.5859944224357605, 1.1373525857925415], [0.6952559351921082, 0.3868042826652527, -0.6058065295219421, -1.175805687904358], [0.0, 0.8428469300270081, 0.538153350353241, 0.7100700736045837], [0.0, 0.0, 0.0, 1.0]]}, {"file_path": "./train/r_96", "transform_matrix": [[0.7877862453460693, -0.3313358724117279, 0.5192392468452454, 1.00821053981781], [0.6159487366676331, 0.42377200722694397, -0.6640967130661011, -1.2894814014434814], [1.4901161193847656e-08, 0.8429909348487854, 0.5379276871681213, 0.7100700736045837], [0.0, 0.0, 0.0, 1.0]]}, {"file_path": "./train/r_97", "transform_matrix": [[0.8176841139793396, -0.3099822700023651, 0.4850810766220093, 0.9409283995628357], [0.5756670832633972, 0.440302312374115, -0.6890146732330322, -1.33650541305542], [1.4901160305669237e-08, 0.8426416516304016, 0.5384747982025146, 0.7100700736045837], [0.0, 0.0, 0.0, 1.0]]}, {"file_path": "./train/r_98", "transform_matrix": [[0.8447018265724182, -0.2881618142127991, 0.4510449469089508, 0.8750588893890381], [0.5352370142936707, 0.4547719657421112, -0.711831271648407, -1.3810027837753296], [0.0, 0.8427011370658875, 0.5383815765380859, 0.7100700736045837], [0.0, 0.0, 0.0, 1.0]]}, {"file_path": "./train/r_99", "transform_matrix": [[0.868834912776947, -0.266353577375412, 0.4173506796360016, 0.8102980852127075], [0.49510177969932556, 0.4674135446548462, -0.7323924899101257, -1.4219605922698975], [0.0, 0.8429592847824097, 0.5379773378372192, 0.7100700736045837], [0.0, 0.0, 0.0, 1.0]]}]}