{"camera_angle_x": 1.3751184940338135, "frames": [{"file_path": "./train/r_0", "transform_matrix": [[1.0000001192092896, 0.0, 0.0, 0.0], [0.0, 0.6119908690452576, -0.7908647656440735, -1.8019942045211792], [0.0, 0.790864884853363, 0.6119908690452576, 1.2000000476837158], [0.0, 0.0, 0.0, 1.0]]}, {"file_path": "./train/r_1", "transform_matrix": [[0.9947583079338074, 0.06264345347881317, -0.08082035183906555, -0.18396137654781342], [-0.10225524008274078, 0.6094074249267578, -0.7862356305122375, -1.7896109819412231], [7.450581485102248e-09, 0.7903786301612854, 0.612618625164032, 1.2000000476837158], [0.0, 0.0, 0.0, 1.0]]}, {"file_path": "./train/r_2", "transform_matrix": [[0.8903104066848755, -0.27900540828704834, 0.3598661720752716, 0.8189815878868103], [0.4553545415401459, 0.5455120801925659, -0.7036112546920776, -1.601274847984314], [0.0, 0.7902989983558655, 0.61272132396698, 1.2000000476837158], [0.0, 0.0, 0.0, 1.0]]}, {"file_path": "./train/r_3", "transform_matrix": [[0.9257440567016602, -0.231496199965477, 0.2990112602710724, 0.6810908913612366], [0.3781511187553406, 0.5667211413383484, -0.732003390789032, -1.6673647165298462], [0.0, 0.7907190322875977, 0.6121792197227478, 1.2000000476837158], [0.0, 0.0, 0.0, 1.0]]}, {"file_path": "./train/r_4", "transform_matrix": [[0.9400357604026794, -0.20897367596626282, 0.26956069469451904, 0.6134970784187317], [0.34107619524002075, 0.5759496688842773, -0.7429327964782715, -1.6908514499664307], [0.0, 0.7903240323066711, 0.6126891374588013, 1.2000000476837158], [0.0, 0.0, 0.0, 1.0]]}, {"file_path": "./train/r_5", "transform_matrix": [[0.9522775411605835, -0.1869901716709137, 0.24125197529792786, 0.5491376519203186], [0.3052341043949127, 0.583376944065094, -0.75266432762146, -1.7132141590118408], [-1.4901162970204496e-08, 0.790383517742157, 0.6126123666763306, 1.2000000476837158], [0.0, 0.0, 0.0, 1.0]]}, {"file_path": "./train/r_6", "transform_matrix": [[0.9626103639602661, -0.16579389572143555, 0.2142287939786911, 0.488088995218277], [0.27089041471481323, 0.5891493558883667, -0.7612630724906921, -1.734426736831665], [1.4901162970204496e-08, 0.7908321619033813, 0.6120331287384033, 1.2000000476837158], [0.0, 0.0, 0.0, 1.0]]}, {"file_path": "./train/r_7", "transform_matrix": [[0.9712241888046265, -0.14587369561195374, 0.18826769292354584, 0.42862528562545776], [0.23816776275634766, 0.5948582887649536, -0.7677367329597473, -1.747890830039978], [0.0, 0.7904836535453796, 0.6124830842018127, 1.2000000476837158], [0.0, 0.0, 0.0, 1.0]]}, {"file_path": "./train/r_8", "transform_matrix": [[0.9783235788345337, -0.12689250707626343, 0.16365061700344086, 0.3724101781845093], [0.20708268880844116, 0.5994800329208374, -0.7731368541717529, -1.7593824863433838], [0.0, 0.7902669906616211, 0.6127625703811646, 1.2000000476837158], [0.0, 0.0, 0.0, 1.0]]}, {"file_path": "./train/r_9", "transform_matrix": [[0.9840625524520874, -0.10894730687141418, 0.14054043591022491, 0.3198671042919159], [0.17782333493232727, 0.6029071807861328, -0.7777414917945862, -1.7701234817504883], [0.0, 0.7903375625610352, 0.6126716732978821, 1.2000000476837158], [0.0, 0.0, 0.0, 1.0]]}, {"file_path": "./train/r_10", "transform_matrix": [[0.9886034727096558, -0.0921756848692894, 0.11902609467506409, 0.2710728347301483], [0.15054425597190857, 0.6053050756454468, -0.7816280126571655, -1.7800980806350708], [0.0, 0.7906386256217957, 0.6122831106185913, 1.2000000476837158], [0.0, 0.0, 0.0, 1.0]]}, {"file_path": "./train/r_11", "transform_matrix": [[0.9921115636825562, 0.07674522697925568, -0.09912196546792984, -0.225772887468338], [-0.12535949051380157, 0.6073718667030334, -0.7844643592834473, -1.7867965698242188], [0.0, 0.7907019853591919, 0.6122012734413147, 1.2000000476837158], [0.0, 0.0, 0.0, 1.0]]}, {"file_path": "./train/r_12", "transform_matrix": [[0.9921116232872009, -0.07674486935138702, 0.09912148118019104, 0.22577175498008728], [0.12535887956619263, 0.6073720455169678, -0.784464418888092, -1.7867964506149292], [3.725290742551124e-09, 0.7907019257545471, 0.6122013330459595, 1.2000000476837158], [0.0, 0.0, 0.0, 1.0]]}, {"file_path": "./train/r_13", "transform_matrix": [[0.9947584271430969, -0.0626431405544281, 0.08081993460655212, 0.183960422873497], [0.10225473344326019, 0.6094074249267578, -0.7862356305122375, -1.7896108627319336], [0.0, 0.7903786301612854, 0.612618625164032, 1.2000000476837158], [0.0, 0.0, 0.0, 1.0]]}, {"file_path": "./train/r_14", "transform_matrix": [[0.9966887831687927, -0.04982971400022507, 0.06425511091947556, 0.1462084800004959], [0.08131248503923416, 0.6107882857322693, -0.7876077890396118, -1.7921521663665771], [3.725290742551124e-09, 0.7902243733406067, 0.6128175854682922, 1.2000000476837158], [0.0, 0.0, 0.0, 1.0]]}, {"file_path": "./train/r_15", "transform_matrix": [[0.9980372190475464, -0.038380254060029984, 0.04948662966489792, 0.11259738355875015], [0.06262563914060593, 0.6116491556167603, -0.7886465191841125, -1.7944146394729614], [-1.862645371275562e-09, 0.7901976108551025, 0.6128520965576172, 1.2000000476837158], [0.0, 0.0, 0.0, 1.0]]}, {"file_path": "./train/r_16", "transform_matrix": [[0.9989291429519653, -0.028353089466691017, 0.03656546026468277, 0.08320856839418411], [0.04627019539475441, 0.6121159791946411, -0.7894131541252136, -1.7963930368423462], [0.0, 0.790259599685669, 0.6127722263336182, 1.2000000476837158], [0.0, 0.0, 0.0, 1.0]]}, {"file_path": "./train/r_17", "transform_matrix": [[0.9994782209396362, -0.01979111321270466, 0.02553350292146206, 0.058118343353271484], [0.03230554610490799, 0.6123031377792358, -0.7899628281593323, -1.7980819940567017], [0.0, 0.790375292301178, 0.6126229763031006, 1.2000000476837158], [0.0, 0.0, 0.0, 1.0]]}, {"file_path": "./train/r_18", "transform_matrix": [[0.9997841715812683, -0.012729531154036522, 0.016430702060461044, 0.03740987181663513], [0.020784828811883926, 0.6123111844062805, -0.7903435826301575, -1.799475908279419], [9.313227966600834e-10, 0.7905144095420837, 0.6124434471130371, 1.2000000476837158], [0.0, 0.0, 0.0, 1.0]]}, {"file_path": "./train/r_19", "transform_matrix": [[0.9999310970306396, -0.007195737212896347, 0.009292211383581161, 0.02116285264492035], [0.011752612888813019, 0.6122248768806458, -0.7905963063240051, -1.8005696535110474], [4.656613983300417e-10, 0.7906509637832642, 0.6122671365737915, 1.2000000476837158], [0.0, 0.0, 0.0, 1.0]]}, {"file_path": "./train/r_20", "transform_matrix": [[0.9999864101409912, -0.003215027041733265, 0.004153309855610132, 0.009461352601647377], [0.005252274684607983, 0.6121125221252441, -0.7907532453536987, -1.8013572692871094], [2.3283069916502086e-10, 0.7907640933990479, 0.6121209263801575, 1.2000000476837158], [0.0, 0.0, 0.0, 1.0]]}, {"file_path": "./train/r_21", "transform_matrix": [[0.9999992847442627, -0.0008075023652054369, 0.0010434288997203112, 0.0023773335851728916], [0.0013193953782320023, 0.6120240092277527, -0.7908380031585693, -1.801834225654602], [5.820767479125522e-11, 0.7908387184143066, 0.6120244860649109, 1.2000000476837158], [0.0, 0.0, 0.0, 1.0]]}, {"file_path": "./train/r_22", "transform_matrix": [[0.9886032938957214, 0.09217636287212372, -0.11902696639299393, -0.2710748612880707], [-0.1505453735589981, 0.6053048968315125, -0.7816278338432312, -1.7800979614257812], [-7.450582373280668e-09, 0.7906386256217957, 0.6122830510139465, 1.2000000476837158], [0.0, 0.0, 0.0, 1.0]]}, {"file_path": "./train/r_23", "transform_matrix": [[1.0000001192092896, 0.0, 0.0, 0.0], [0.0, 0.6119908690452576, -0.7908647656440735, -1.8019942045211792], [0.0, 0.790864884853363, 0.6119908690452576, 1.2000000476837158], [0.0, 0.0, 0.0, 1.0]]}, {"file_path": "./train/r_24", "transform_matrix": [[0.9783234596252441, 0.12689295411109924, -0.163651242852211, -0.37241166830062866], [-0.20708349347114563, 0.5994797348976135, -0.7731367349624634, -1.7593824863433838], [0.0, 0.7902671694755554, 0.612762451171875, 1.2000000476837158], [0.0, 0.0, 0.0, 1.0]]}, {"file_path": "./train/r_25", "transform_matrix": [[0.9626099467277527, 0.16579478979110718, -0.21422997117042542, -0.48809167742729187], [-0.27089187502861023, 0.5891491174697876, -0.7612627148628235, -1.7344259023666382], [1.4901162970204496e-08, 0.7908321619033813, 0.6120331287384033, 1.2000000476837158], [0.0, 0.0, 0.0, 1.0]]}, {"file_path": "./train/r_26", "transform_matrix": [[0.9522771239280701, 0.186990886926651, -0.24125291407108307, -0.5491398572921753], [-0.3052353262901306, 0.5833765864372253, -0.7526639699935913, -1.7132136821746826], [0.0, 0.7903835773468018, 0.6126123070716858, 1.2000000476837158], [0.0, 0.0, 0.0, 1.0]]}, {"file_path": "./train/r_27", "transform_matrix": [[0.9400354623794556, 0.20897424221038818, -0.2695614993572235, -0.6134989857673645], [-0.34107720851898193, 0.5759492516517639, -0.7429324984550476, -1.6908509731292725], [-1.4901164746561335e-08, 0.7903240919113159, 0.6126890182495117, 1.2000000476837158], [0.0, 0.0, 0.0, 1.0]]}, {"file_path": "./train/r_28", "transform_matrix": [[0.925743579864502, 0.23149685561656952, -0.29901212453842163, -0.6810929179191589], [-0.37815213203430176, 0.5667209029197693, -0.7320030927658081, -1.667364239692688], [1.4901161193847656e-08, 0.7907190918922424, 0.612179160118103, 1.2000000476837158], [0.0, 0.0, 0.0, 1.0]]}, {"file_path": "./train/r_29", "transform_matrix": [[0.8903100490570068, 0.2790057361125946, -0.3598667085170746, -0.8189827799797058], [-0.455355167388916, 0.5455118417739868, -0.7036111354827881, -1.6012744903564453], [0.0, 0.790299117565155, 0.61272132396698, 1.2000000476837158], [0.0, 0.0, 0.0, 1.0]]}, {"file_path": "./train/r_30", "transform_matrix": [[0.8688346147537231, 0.303101509809494, -0.3914794921875, -0.8916866779327393], [-0.49510279297828674, 0.5318998098373413, -0.68699049949646, -1.5647826194763184], [1.4901162970204496e-08, 0.790703535079956, 0.6121993064880371, 1.2000000476837158], [0.0, 0.0, 0.0, 1.0]]}, {"file_path": "./train/r_31", "transform_matrix": [[0.844700813293457, 0.3278895616531372, -0.42304757237434387, -0.9629538655281067], [-0.5352391004562378, 0.5174669623374939, -0.6676428914070129, -1.5197093486785889], [0.0, 0.7903899550437927, 0.6126039624214172, 1.2000000476837158], [0.0, 0.0, 0.0, 1.0]]}, {"file_path": "./train/r_32", "transform_matrix": [[0.7877855896949768, 0.3770533800125122, -0.48705732822418213, -1.1094777584075928], [-0.615949809551239, 0.48224255442619324, -0.6229350566864014, -1.4189963340759277], [1.4901162970204496e-08, 0.7907419204711914, 0.6121496558189392, 1.2000000476837158], [0.0, 0.0, 0.0, 1.0]]}, {"file_path": "./train/r_33", "transform_matrix": [[0.7187613844871521, 0.4257582724094391, -0.5496472120285034, -1.2515907287597656], [-0.6952569484710693, 0.4401518404483795, -0.568229079246521, -1.293903112411499], [0.0, 0.7905669808387756, 0.6123754978179932, 1.2000000476837158], [0.0, 0.0, 0.0, 1.0]]}, {"file_path": "./train/r_34", "transform_matrix": [[0.6796119809150696, 0.44944053888320923, -0.5797679424285889, -1.3195343017578125], [-0.7335718870162964, 0.41638070344924927, -0.5371214747428894, -1.2224721908569336], [2.980232594040899e-08, 0.790335476398468, 0.6126742362976074, 1.2000000476837158], [0.0, 0.0, 0.0, 1.0]]}, {"file_path": "./train/r_35", "transform_matrix": [[0.6372117400169373, 0.47213566303253174, -0.609138011932373, -1.3865132331848145], [-0.7706890106201172, 0.3903655409812927, -0.5036401748657227, -1.1463801860809326], [0.0, 0.7903812527656555, 0.6126152276992798, 1.2000000476837158], [0.0, 0.0, 0.0, 1.0]]}, {"file_path": "./train/r_36", "transform_matrix": [[0.9999864101409912, 0.003214458702132106, -0.00415257690474391, -0.009459682740271091], [-0.005251347552984953, 0.6121124029159546, -0.7907533049583435, -1.8013575077056885], [0.0, 0.7907642126083374, 0.6121208667755127, 1.2000000476837158], [0.0, 0.0, 0.0, 1.0]]}, {"file_path": "./train/r_37", "transform_matrix": [[0.5917561054229736, 0.4937272369861603, -0.6372269988059998, -1.4507794380187988], [-0.8061172962188721, 0.3624362647533417, -0.4677768349647522, -1.0649909973144531], [0.0, 0.7904893755912781, 0.6124757528305054, 1.2000000476837158], [0.0, 0.0, 0.0, 1.0]]}, {"file_path": "./train/r_38", "transform_matrix": [[0.5430884957313538, 0.5144624710083008, -0.6636138558387756, -1.5103212594985962], [-0.8396756649017334, 0.3327459394931793, -0.42921459674835205, -0.9768511056900024], [0.0, 0.7903217673301697, 0.6126919984817505, 1.2000000476837158], [0.0, 0.0, 0.0, 1.0]]}, {"file_path": "./train/r_39", "transform_matrix": [[0.49147388339042664, 0.5332303047180176, -0.6885629892349243, -1.5681568384170532], [-0.8708925843238831, 0.3009197413921356, -0.38857918977737427, -0.8849635124206543], [0.0, 0.7906407117843628, 0.6122803092002869, 1.2000000476837158], [0.0, 0.0, 0.0, 1.0]]}, {"file_path": "./train/r_40", "transform_matrix": [[0.4368375539779663, 0.551147997379303, -0.7109211683273315, -1.6179683208465576], [-0.8995406627655029, 0.2676500976085663, -0.3452396094799042, -0.7857224941253662], [0.0, 0.7903159856796265, 0.6126995086669922, 1.2000000476837158], [0.0, 0.0, 0.0, 1.0]]}, {"file_path": "./train/r_41", "transform_matrix": [[0.3794844150543213, 0.5663594603538513, -0.7315932512283325, -1.6665117740631104], [-0.9251983165740967, 0.23230110108852386, -0.3000742793083191, -0.6835455298423767], [1.4901162970204496e-08, 0.7907421588897705, 0.6121493577957153, 1.2000000476837158], [0.0, 0.0, 0.0, 1.0]]}, {"file_path": "./train/r_42", "transform_matrix": [[0.2570450007915497, 0.5915529727935791, -0.7641943097114563, -1.740856409072876], [-0.9663996696472168, 0.15734249353408813, -0.20326200127601624, -0.4630366265773773], [0.0, 0.7907644510269165, 0.6121205687522888, 1.2000000476837158], [0.0, 0.0, 0.0, 1.0]]}, {"file_path": "./train/r_43", "transform_matrix": [[0.19241556525230408, 0.6013091206550598, -0.7755022048950195, -1.764773964881897], [-0.9813136458396912, 0.11790443956851959, -0.1520601361989975, -0.3460361063480377], [0.0, 0.7902695536613464, 0.6127594709396362, 1.2000000476837158], [0.0, 0.0, 0.0, 1.0]]}, {"file_path": "./train/r_44", "transform_matrix": [[0.12596023082733154, 0.6073117852210999, -0.7844147086143494, -1.7867228984832764], [-0.9920355081558228, 0.07711128890514374, -0.09959831088781357, -0.22686287760734558], [0.0, 0.7907124161720276, 0.6121877431869507, 1.2000000476837158], [0.0, 0.0, 0.0, 1.0]]}, {"file_path": "./train/r_45", "transform_matrix": [[0.05784997344017029, 0.6118130683898926, -0.788884162902832, -1.7949925661087036], [-0.9983254671096802, 0.03545273467898369, -0.045713476836681366, -0.10401444882154465], [-1.862645371275562e-09, 0.79020756483078, 0.61283940076828, 1.2000000476837158], [0.0, 0.0, 0.0, 1.0]]}, {"file_path": "./train/r_46", "transform_matrix": [[0.9999310970306396, 0.007196024060249329, -0.009292582049965858, -0.0211636982858181], [-0.011753082275390625, 0.612224817276001, -0.7905962467193604, -1.8005695343017578], [-4.656613983300417e-10, 0.7906509637832642, 0.6122671365737915, 1.2000000476837158], [0.0, 0.0, 0.0, 1.0]]}, {"file_path": "./train/r_47", "transform_matrix": [[-0.011419019661843777, 0.6122201085090637, -0.7906048893928528, -1.800610065460205], [-0.9999349117279053, -0.006991409230977297, 0.009028521366417408, 0.020562542602419853], [0.0, 0.7906564474105835, 0.6122600436210632, 1.2000000476837158], [0.0, 0.0, 0.0, 1.0]]}, {"file_path": "./train/r_48", "transform_matrix": [[-0.08163423836231232, 0.6107704043388367, -0.787588357925415, -1.7921134233474731], [-0.9966624975204468, -0.05002674460411072, 0.06450948119163513, 0.14678773283958435], [0.0, 0.7902258038520813, 0.6128157377243042, 1.2000000476837158], [0.0, 0.0, 0.0, 1.0]]}, {"file_path": "./train/r_49", "transform_matrix": [[-0.1522032618522644, 0.6051809191703796, -0.7814026474952698, -1.7794923782348633], [-0.988349437713623, -0.0931963101029396, 0.12033399939537048, 0.27403724193573], [-7.450582373280668e-09, 0.7906139492988586, 0.6123149394989014, 1.2000000476837158], [0.0, 0.0, 0.0, 1.0]]}, {"file_path": "./train/r_50", "transform_matrix": [[-0.22291722893714905, 0.5972527265548706, -0.7704524993896484, -1.7535414695739746], [-0.9748375415802002, -0.13657446205615997, 0.17618025839328766, 0.40098434686660767], [7.450582373280668e-09, 0.7903395891189575, 0.6126689910888672, 1.2000000476837158], [0.0, 0.0, 0.0, 1.0]]}, {"file_path": "./train/r_51", "transform_matrix": [[-0.29309651255607605, 0.5855657458305359, -0.7557825446128845, -1.7207304239273071], [-0.9560830593109131, -0.17951086163520813, 0.23169247806072235, 0.5275066494941711], [1.4901162970204496e-08, 0.7904990315437317, 0.6124633550643921, 1.2000000476837158], [0.0, 0.0, 0.0, 1.0]]}, {"file_path": "./train/r_52", "transform_matrix": [[-0.36254534125328064, 0.5708000063896179, -0.7367145419120789, -1.6773029565811157], [-0.9319663047790527, -0.2220476120710373, 0.28659021854400635, 0.6524896621704102], [-1.4901162970204496e-08, 0.7904949188232422, 0.6124686002731323, 1.2000000476837158], [0.0, 0.0, 0.0, 1.0]]}, {"file_path": "./train/r_53", "transform_matrix": [[-0.4305403232574463, 0.5529649257659912, -0.7133476734161377, -1.6236084699630737], [-0.902571439743042, -0.2637726962566376, 0.34027770161628723, 0.7744859457015991], [0.0, 0.7903504371643066, 0.6126551032066345, 1.2000000476837158], [0.0, 0.0, 0.0, 1.0]]}, {"file_path": "./train/r_54", "transform_matrix": [[-0.4968329966068268, 0.5312591791152954, -0.6862366199493408, -1.5631704330444336], [-0.8678463697433472, -0.3041403293609619, 0.39286330342292786, 0.8948987722396851], [0.0, 0.7907353043556213, 0.6121581792831421, 1.2000000476837158], [0.0, 0.0, 0.0, 1.0]]}, {"file_path": "./train/r_55", "transform_matrix": [[-0.5607942342758179, 0.507344663143158, -0.6543020606040955, -1.4889432191848755], [-0.8279553651809692, -0.3436368703842163, 0.44317466020584106, 1.0084973573684692], [-1.4901164746561335e-08, 0.7902626395225525, 0.6127682328224182, 1.2000000476837158], [0.0, 0.0, 0.0, 1.0]]}, {"file_path": "./train/r_56", "transform_matrix": [[-0.6220037937164307, 0.4794475734233856, -0.6190649271011353, -1.409811019897461], [-0.7830144166946411, -0.3808591961860657, 0.49176713824272156, 1.1199127435684204], [-1.4901162970204496e-08, 0.7906177043914795, 0.6123101115226746, 1.2000000476837158], [0.0, 0.0, 0.0, 1.0]]}, {"file_path": "./train/r_57", "transform_matrix": [[-0.7343916893005371, 0.41584572196006775, -0.5364152193069458, -1.2208421230316162], [-0.678726077079773, -0.4499512314796448, 0.5804092288017273, 1.3209692239761353], [0.0, 0.790326714515686, 0.6126856207847595, 1.2000000476837158], [0.0, 0.0, 0.0, 1.0]]}, {"file_path": "./train/r_58", "transform_matrix": [[-0.8304805755615234, 0.3413403034210205, -0.4402148127555847, -1.0017646551132202], [-0.5570478439331055, -0.508890688419342, 0.656298816204071, 1.4934911727905273], [1.4901161193847656e-08, 0.7902640104293823, 0.6127665638923645, 1.2000000476837158], [0.0, 0.0, 0.0, 1.0]]}, {"file_path": "./train/r_59", "transform_matrix": [[-0.8713944554328918, 0.30038368701934814, -0.3878679871559143, -0.8833166360855103], [-0.49058330059051514, -0.533553957939148, 0.6889472007751465, 1.568983554840088], [0.0, 0.7906262278556824, 0.6122990846633911, 1.2000000476837158], [0.0, 0.0, 0.0, 1.0]]}, {"file_path": "./train/r_60", "transform_matrix": [[-0.9071613550186157, 0.2577507495880127, -0.33260056376457214, -0.7571424841880798], [-0.4207834005355835, -0.5556814074516296, 0.7170491218566895, 1.6323134899139404], [0.0, 0.7904319167137146, 0.6125498414039612, 1.2000000476837158], [0.0, 0.0, 0.0, 1.0]]}, {"file_path": "./train/r_61", "transform_matrix": [[-0.9373889565467834, 0.21337240934371948, -0.2752717137336731, -0.6265474557876587], [-0.3482848107814789, -0.5742797255516052, 0.7408782243728638, 1.6863168478012085], [1.4901162970204496e-08, 0.7903639078140259, 0.6126376986503601, 1.2000000476837158], [0.0, 0.0, 0.0, 1.0]]}, {"file_path": "./train/r_62", "transform_matrix": [[-0.9804840087890625, 0.12047029286623001, -0.15536537766456604, -0.3535521328449249], [-0.19659987092018127, -0.600810170173645, 0.7748391628265381, 1.7632373571395874], [0.0, 0.7902620434761047, 0.6127691268920898, 1.2000000476837158], [0.0, 0.0, 0.0, 1.0]]}, {"file_path": "./train/r_63", "transform_matrix": [[-0.9929491877555847, 0.07258877158164978, -0.09371813386678696, -0.21341390907764435], [-0.11854207515716553, -0.6080285310745239, 0.785015344619751, 1.7876282930374146], [0.0, 0.7905898094177246, 0.6123461723327637, 1.2000000476837158], [0.0, 0.0, 0.0, 1.0]]}, {"file_path": "./train/r_64", "transform_matrix": [[-0.9992173314094543, -0.02423909865319729, 0.03126496449112892, 0.07115397602319717], [0.03956048935651779, -0.6122302412986755, 0.789689302444458, 1.7972044944763184], [0.0, 0.7903079390525818, 0.6127098798751831, 1.2000000476837158], [0.0, 0.0, 0.0, 1.0]]}, {"file_path": "./train/r_65", "transform_matrix": [[-0.9929489493370056, -0.07258977741003036, 0.09371944516897202, 0.2134169191122055], [0.11854372173547745, -0.6080283522605896, 0.7850152254104614, 1.7876282930374146], [-3.725290742551124e-09, 0.7905898094177246, 0.6123461127281189, 1.2000000476837158], [0.0, 0.0, 0.0, 1.0]]}, {"file_path": "./train/r_66", "transform_matrix": [[-0.9804835319519043, -0.1204715445637703, 0.15536701679229736, 0.35355591773986816], [0.19660192728042603, -0.6008098721504211, 0.7748388648033142, 1.7632369995117188], [0.0, 0.7902620434761047, 0.6127690672874451, 1.2000000476837158], [0.0, 0.0, 0.0, 1.0]]}, {"file_path": "./train/r_67", "transform_matrix": [[-0.9619166851043701, -0.1673109233379364, 0.21615658700466156, 0.4924350082874298], [0.2733434736728668, -0.5887800455093384, 0.7606716752052307, 1.7329167127609253], [0.0, 0.7907876968383789, 0.612090528011322, 1.2000000476837158], [0.0, 0.0, 0.0, 1.0]]}, {"file_path": "./train/r_68", "transform_matrix": [[-0.9373883605003357, -0.2133733183145523, 0.2752729058265686, 0.6265502572059631], [0.34828636050224304, -0.5742793083190918, 0.7408777475357056, 1.6863160133361816], [-1.4901164746561335e-08, 0.7903639078140259, 0.6126376390457153, 1.2000000476837158], [0.0, 0.0, 0.0, 1.0]]}, {"file_path": "./train/r_69", "transform_matrix": [[-0.9071605205535889, -0.2577519118785858, 0.33260205388069153, 0.757145881652832], [0.4207853078842163, -0.5556809306144714, 0.7170484662055969, 1.6323119401931763], [1.4901164746561335e-08, 0.7904319167137146, 0.6125498414039612, 1.2000000476837158], [0.0, 0.0, 0.0, 1.0]]}, {"file_path": "./train/r_70", "transform_matrix": [[-0.8713935613632202, -0.30038464069366455, 0.387869268655777, 0.883319616317749], [0.4905848801136017, -0.533553421497345, 0.688946545124054, 1.5689822435379028], [1.4901162970204496e-08, 0.7906261682510376, 0.6122990846633911, 1.2000000476837158], [0.0, 0.0, 0.0, 1.0]]}, {"file_path": "./train/r_71", "transform_matrix": [[-0.8304797410964966, -0.3413410186767578, 0.4402158558368683, 1.0017670392990112], [0.5570491552352905, -0.5088900923728943, 0.6562981605529785, 1.4934897422790527], [1.4901162970204496e-08, 0.7902640104293823, 0.6127665638923645, 1.2000000476837158], [0.0, 0.0, 0.0, 1.0]]}, {"file_path": "./train/r_72", "transform_matrix": [[-0.7847015857696533, -0.37952160835266113, 0.4901091754436493, 1.116235375404358], [0.6198739409446716, -0.4804382920265198, 0.620431661605835, 1.4130479097366333], [-1.4901162970204496e-08, 0.7906594276428223, 0.6122561693191528, 1.2000000476837158], [0.0, 0.0, 0.0, 1.0]]}, {"file_path": "./train/r_73", "transform_matrix": [[0.9989291429519653, 0.02835279144346714, -0.03656507655978203, -0.08320770412683487], [-0.04626971110701561, 0.6121159791946411, -0.7894132137298584, -1.7963932752609253], [0.0, 0.790259599685669, 0.6127722263336182, 1.2000000476837158], [0.0, 0.0, 0.0, 1.0]]}, {"file_path": "./train/r_74", "transform_matrix": [[-0.680066704750061, -0.44917774200439453, 0.5794381499290466, 1.318796992301941], [0.7331503629684448, -0.41665512323379517, 0.5374840497970581, 1.2233097553253174], [0.0, 0.7903403639793396, 0.6126680374145508, 1.2000000476837158], [0.0, 0.0, 0.0, 1.0]]}, {"file_path": "./train/r_75", "transform_matrix": [[-0.6220024228096008, -0.47944819927215576, 0.6190658211708069, 1.4098130464553833], [0.7830154895782471, -0.38085833191871643, 0.491766095161438, 1.1199103593826294], [1.4901162970204496e-08, 0.7906177043914795, 0.6123101115226746, 1.2000000476837158], [0.0, 0.0, 0.0, 1.0]]}, {"file_path": "./train/r_76", "transform_matrix": [[-0.5607928037643433, -0.5073453187942505, 0.6543028950691223, 1.4889448881149292], [0.8279564380645752, -0.34363600611686707, 0.44317352771759033, 1.0084946155548096], [1.4901164746561335e-08, 0.7902625799179077, 0.6127683520317078, 1.2000000476837158], [0.0, 0.0, 0.0, 1.0]]}, {"file_path": "./train/r_77", "transform_matrix": [[-0.49683141708374023, -0.5312598347663879, 0.6862372756004333, 1.5631717443466187], [0.867847204208374, -0.30413946509361267, 0.39286208152770996, 0.8948958516120911], [-1.4901161193847656e-08, 0.7907353043556213, 0.6121582984924316, 1.2000000476837158], [0.0, 0.0, 0.0, 1.0]]}, {"file_path": "./train/r_78", "transform_matrix": [[-0.3625427782535553, -0.5708006620407104, 0.7367152571678162, 1.6773043870925903], [0.9319672584533691, -0.22204609215259552, 0.286588191986084, 0.6524849534034729], [1.4901162970204496e-08, 0.7904948592185974, 0.6124686598777771, 1.2000000476837158], [0.0, 0.0, 0.0, 1.0]]}, {"file_path": "./train/r_79", "transform_matrix": [[-0.2930954098701477, -0.5855659246444702, 0.7557827830314636, 1.7207310199737549], [0.9560834169387817, -0.17951016128063202, 0.23169156908988953, 0.527504563331604], [0.0, 0.7904990315437317, 0.6124633550643921, 1.2000000476837158], [0.0, 0.0, 0.0, 1.0]]}, {"file_path": "./train/r_80", "transform_matrix": [[-0.22291570901870728, -0.5972529649734497, 0.7704527378082275, 1.7535418272018433], [0.9748378992080688, -0.13657355308532715, 0.17617906630039215, 0.4009815752506256], [0.0, 0.790339469909668, 0.6126691102981567, 1.2000000476837158], [0.0, 0.0, 0.0, 1.0]]}, {"file_path": "./train/r_81", "transform_matrix": [[-0.15220218896865845, -0.605181097984314, 0.7814027667045593, 1.7794926166534424], [0.9883495569229126, -0.09319566190242767, 0.12033315002918243, 0.2740353047847748], [0.0, 0.7906138896942139, 0.6123149394989014, 1.2000000476837158], [0.0, 0.0, 0.0, 1.0]]}, {"file_path": "./train/r_82", "transform_matrix": [[0.9980372190475464, 0.038380589336156845, -0.04948706179857254, -0.11259836703538895], [-0.0626261904835701, 0.6116490960121155, -0.7886465191841125, -1.794414758682251], [-1.862645371275562e-09, 0.7901976704597473, 0.6128520965576172, 1.2000000476837158], [0.0, 0.0, 0.0, 1.0]]}, {"file_path": "./train/r_83", "transform_matrix": [[-0.08163347095251083, -0.6107704639434814, 0.787588357925415, 1.7921134233474731], [0.9966626167297363, -0.05002627149224281, 0.06450886279344559, 0.14678631722927094], [0.0, 0.7902258038520813, 0.6128157377243042, 1.2000000476837158], [0.0, 0.0, 0.0, 1.0]]}, {"file_path": "./train/r_84", "transform_matrix": [[-0.011418180540204048, -0.6122201681137085, 0.7906049489974976, 1.8006101846694946], [0.99993497133255, -0.006990895140916109, 0.009027857333421707, 0.020561030134558678], [0.0, 0.7906564474105835, 0.6122600436210632, 1.2000000476837158], [0.0, 0.0, 0.0, 1.0]]}, {"file_path": "./train/r_85", "transform_matrix": [[0.1259617656469345, -0.6073116660118103, 0.784414529800415, 1.7867228984832764], [0.9920352697372437, 0.07711222767829895, -0.09959952533245087, -0.22686569392681122], [0.0, 0.7907124757766724, 0.6121876239776611, 1.2000000476837158], [0.0, 0.0, 0.0, 1.0]]}, {"file_path": "./train/r_86", "transform_matrix": [[0.19241639971733093, -0.6013090014457703, 0.77550208568573, 1.764773964881897], [0.9813135862350464, 0.1179049164056778, -0.15206077694892883, -0.3460376262664795], [7.450582373280668e-09, 0.7902694344520569, 0.6127594113349915, 1.2000000476837158], [0.0, 0.0, 0.0, 1.0]]}, {"file_path": "./train/r_87", "transform_matrix": [[0.2570458650588989, -0.591552734375, 0.7641941905021667, 1.7408562898635864], [0.9663994312286377, 0.15734300017356873, -0.20326270163059235, -0.46303829550743103], [0.0, 0.790764570236206, 0.6121204495429993, 1.2000000476837158], [0.0, 0.0, 0.0, 1.0]]}, {"file_path": "./train/r_88", "transform_matrix": [[0.31943878531455994, -0.5806065797805786, 0.748902440071106, 1.704384684562683], [0.9476070404052734, 0.195722758769989, -0.25245535373687744, -0.5745488405227661], [-1.4901162970204496e-08, 0.7903091907501221, 0.6127082705497742, 1.2000000476837158], [0.0, 0.0, 0.0, 1.0]]}, {"file_path": "./train/r_89", "transform_matrix": [[0.3794845938682556, -0.5663593411445618, 0.7315931916236877, 1.6665117740631104], [0.9251981973648071, 0.23230120539665222, -0.3000744581222534, -0.6835460662841797], [0.0, 0.7907421588897705, 0.6121492981910706, 1.2000000476837158], [0.0, 0.0, 0.0, 1.0]]}, {"file_path": "./train/r_90", "transform_matrix": [[0.4368382394313812, -0.5511477589607239, 0.7109209299087524, 1.6179678440093994], [0.8995401859283447, 0.2676505446434021, -0.3452402353286743, -0.7857239246368408], [0.0, 0.7903160452842712, 0.6126994490623474, 1.2000000476837158], [0.0, 0.0, 0.0, 1.0]]}, {"file_path": "./train/r_91", "transform_matrix": [[0.996688723564148, 0.049830127507448196, -0.06425564736127853, -0.146209716796875], [-0.08131316304206848, 0.6107882261276245, -0.787607729434967, -1.7921522855758667], [0.0, 0.7902244329452515, 0.6128175258636475, 1.2000000476837158], [0.0, 0.0, 0.0, 1.0]]}, {"file_path": "./train/r_92", "transform_matrix": [[0.5430888533592224, -0.5144623517990112, 0.6636136770248413, 1.5103209018707275], [0.8396754264831543, 0.33274614810943604, -0.4292148947715759, -0.976851761341095], [0.0, 0.7903217673301697, 0.6126919984817505, 1.2000000476837158], [0.0, 0.0, 0.0, 1.0]]}, {"file_path": "./train/r_93", "transform_matrix": [[0.6372117400169373, -0.4721356928348541, 0.6091380715370178, 1.386513352394104], [0.770689070224762, 0.3903655409812927, -0.5036401748657227, -1.1463803052902222], [-1.4901164746561335e-08, 0.7903812527656555, 0.6126152276992798, 1.2000000476837158], [0.0, 0.0, 0.0, 1.0]]}, {"file_path": "./train/r_94", "transform_matrix": [[0.6796122789382935, -0.4494403600692749, 0.5797677040100098, 1.3195339441299438], [0.7335717678070068, 0.41638076305389404, -0.537121593952179, -1.2224726676940918], [0.0, 0.7903355360031128, 0.6126741766929626, 1.2000000476837158], [0.0, 0.0, 0.0, 1.0]]}, {"file_path": "./train/r_95", "transform_matrix": [[0.7187622785568237, -0.4257577657699585, 0.5496464967727661, 1.251589059829712], [0.6952561140060425, 0.4401523172855377, -0.5682296752929688, -1.293904423713684], [1.4901164746561335e-08, 0.7905670404434204, 0.6123754978179932, 1.2000000476837158], [0.0, 0.0, 0.0, 1.0]]}, {"file_path": "./train/r_96", "transform_matrix": [[0.7548345327377319, -0.40193870663642883, 0.5183343291282654, 1.1794898509979248], [0.6559156179428101, 0.4625551700592041, -0.5965044498443604, -1.3573689460754395], [0.0, 0.790245532989502, 0.6127902865409851, 1.2000000476837158], [0.0, 0.0, 0.0, 1.0]]}, {"file_path": "./train/r_97", "transform_matrix": [[0.7877864241600037, -0.3770527243614197, 0.4870564937591553, 1.1094759702682495], [0.6159487962722778, 0.48224300146102905, -0.6229356527328491, -1.418997883796692], [0.0, 0.7907419204711914, 0.6121495366096497, 1.2000000476837158], [0.0, 0.0, 0.0, 1.0]]}, {"file_path": "./train/r_98", "transform_matrix": [[0.8447020053863525, -0.3278883397579193, 0.4230460524559021, 0.9629504680633545], [0.5352371335029602, 0.517467737197876, -0.6676439642906189, -1.5197117328643799], [-1.4901162970204496e-08, 0.7903900146484375, 0.6126039624214172, 1.2000000476837158], [0.0, 0.0, 0.0, 1.0]]}, {"file_path": "./train/r_99", "transform_matrix": [[0.8688350915908813, -0.3031010627746582, 0.3914787769317627, 0.8916850686073303], [0.4951019883155823, 0.53190016746521, -0.6869907975196838, -1.5647833347320557], [0.0, 0.7907034158706665, 0.6121993064880371, 1.2000000476837158], [0.0, 0.0, 0.0, 1.0]]}]}