{"camera_angle_x": 0.9807014465332031, "frames": [{"file_path": "./train/r_0", "transform_matrix": [[-1.0, 0.0, 0.0, 0.0], [0.0, -0.766204297542572, 0.6425970196723938, -0.022454500198364258], [0.0, 0.6425970792770386, 0.766204297542572, 1.0425243377685547], [0.0, 0.0, 0.0, 1.0]]}, {"file_path": "./train/r_1", "transform_matrix": [[-0.9823163151741028, -0.13854609429836273, 0.12593550980091095, 0.2715286612510681], [0.1872292011976242, -0.7268955707550049, 0.6607329249382019, 0.024601608514785767], [-7.450581485102248e-09, 0.6726275086402893, 0.7399812340736389, 0.9954681992530823], [0.0, 0.0, 0.0, 1.0]]}, {"file_path": "./train/r_2", "transform_matrix": [[-0.9849713444709778, -0.12859243154525757, 0.11530601233243942, 0.2483670860528946], [0.17271795868873596, -0.7333335280418396, 0.6575640439987183, 0.01638123393058777], [7.450580596923828e-09, 0.6675971746444702, 0.7445226907730103, 1.0036885738372803], [0.0, 0.0, 0.0, 1.0]]}, {"file_path": "./train/r_3", "transform_matrix": [[-0.9874019026756287, -0.11844261735677719, 0.1049235388636589, 0.22581180930137634], [0.15823276340961456, -0.7391039729118347, 0.654742419719696, 0.009107649326324463], [0.0, 0.6630962491035461, 0.7485341429710388, 1.0109621286392212], [0.0, 0.0, 0.0, 1.0]]}, {"file_path": "./train/r_4", "transform_matrix": [[-0.9896625280380249, -0.10780403763055801, 0.09458548575639725, 0.20340144634246826], [0.1434159129858017, -0.7439175248146057, 0.6527009606361389, 0.0036014914512634277], [0.0, 0.6595186591148376, 0.7516880631446838, 1.0164682865142822], [0.0, 0.0, 0.0, 1.0]]}, {"file_path": "./train/r_5", "transform_matrix": [[-0.9916305541992188, -0.09742648899555206, 0.08471732586622238, 0.18206344544887543], [0.1291082799434662, -0.7482950687408447, 0.6506809592247009, -0.0016411542892456055], [-7.450580596923828e-09, 0.6561727523803711, 0.7546107172966003, 1.021710991859436], [0.0, 0.0, 0.0, 1.0]]}, {"file_path": "./train/r_6", "transform_matrix": [[-0.9948161840438843, -0.07719741016626358, 0.06619135290384293, 0.1421082615852356], [0.1016893982887268, -0.755213737487793, 0.6475426554679871, -0.00977066159248352], [3.725290298461914e-09, 0.6509168148040771, 0.7591490149497986, 1.0298404693603516], [0.0, 0.0, 0.0, 1.0]]}, {"file_path": "./train/r_7", "transform_matrix": [[-0.9960641860961914, -0.06742523610591888, 0.05753297358751297, 0.12347047030925751], [0.08863525092601776, -0.7577105760574341, 0.6465434432029724, -0.012464731931686401], [0.0, 0.6490981578826904, 0.760704755783081, 1.0325345993041992], [0.0, 0.0, 0.0, 1.0]]}, {"file_path": "./train/r_8", "transform_matrix": [[-0.997081458568573, -0.058183759450912476, 0.04943045601248741, 0.10605011880397797], [0.07634606212377548, -0.759881317615509, 0.645563006401062, -0.014982819557189941], [-3.725290298461914e-09, 0.6474527716636658, 0.7621057033538818, 1.0350526571273804], [0.0, 0.0, 0.0, 1.0]]}, {"file_path": "./train/r_9", "transform_matrix": [[-0.997894287109375, -0.04951315373182297, 0.041899118572473526, 0.08987265825271606], [0.06486207991838455, -0.7617532014846802, 0.6446122527122498, -0.017321228981018066], [0.0, 0.6459725499153137, 0.7633605599403381, 1.0373910665512085], [0.0, 0.0, 0.0, 1.0]]}, {"file_path": "./train/r_10", "transform_matrix": [[-0.9985345602035522, 0.04135932773351669, -0.03490353375673294, -0.07485371083021164], [-0.05411886051297188, -0.7631113529205322, 0.6439970135688782, -0.018891602754592896], [0.0, 0.6449422240257263, 0.764231264591217, 1.038961410522461], [0.0, 0.0, 0.0, 1.0]]}, {"file_path": "./train/r_11", "transform_matrix": [[-0.9985345602035522, -0.04135912284255028, 0.03490336239337921, 0.0748533383011818], [0.05411859229207039, -0.7631113529205322, 0.6439970135688782, -0.018891572952270508], [0.0, 0.6449422240257263, 0.764231264591217, 1.038961410522461], [0.0, 0.0, 0.0, 1.0]]}, {"file_path": "./train/r_12", "transform_matrix": [[-0.9990254044532776, -0.033751633018255234, 0.02844427339732647, 0.06099102646112442], [0.04413897544145584, -0.7639220356941223, 0.6437972784042358, -0.019551396369934082], [-3.725290298461914e-09, 0.6444253921508789, 0.7646671533584595, 1.0396212339401245], [0.0, 0.0, 0.0, 1.0]]}, {"file_path": "./train/r_13", "transform_matrix": [[-0.9996340274810791, -0.02070607803761959, 0.017413295805454254, 0.03733101859688759], [0.02705484628677368, -0.7650570273399353, 0.6433939337730408, -0.020677566528320312], [-9.31322685637781e-10, 0.6436294317245483, 0.7653372883796692, 1.0407474040985107], [0.0, 0.0, 0.0, 1.0]]}, {"file_path": "./train/r_14", "transform_matrix": [[-0.9999023079872131, -0.01070347148925066, 0.008988617919385433, 0.019268805161118507], [0.013977108523249626, -0.7657110095024109, 0.6430328488349915, -0.021537333726882935], [0.0, 0.6430956125259399, 0.7657859325408936, 1.041607141494751], [0.0, 0.0, 0.0, 1.0]]}, {"file_path": "./train/r_15", "transform_matrix": [[-0.9999595880508423, -0.00689309136942029, 0.0057858615182340145, 0.012403029948472977], [0.008999494835734367, -0.7659110426902771, 0.6428835391998291, -0.021864116191864014], [4.656613428188905e-10, 0.6429095268249512, 0.7659420967102051, 1.0419338941574097], [0.0, 0.0, 0.0, 1.0]]}, {"file_path": "./train/r_16", "transform_matrix": [[-0.9999974370002747, -0.0017444118857383728, 0.0014632915845140815, 0.003136857645586133], [0.0022768827620893717, -0.7661384344100952, 0.6426715850830078, -0.022305190563201904], [0.0, 0.6426733136177063, 0.7661404609680176, 1.0423749685287476], [0.0, 0.0, 0.0, 1.0]]}, {"file_path": "./train/r_17", "transform_matrix": [[-0.9999998807907104, -0.0004383786581456661, 0.00036767611163668334, 0.000788191391620785], [0.0005721552297472954, -0.7661882638931274, 0.6426159143447876, -0.02241697907447815], [2.9103830456733704e-11, 0.6426160335540771, 0.7661884427070618, 1.0424867868423462], [0.0, 0.0, 0.0, 1.0]]}, {"file_path": "./train/r_18", "transform_matrix": [[-0.997894287109375, 0.04951350763440132, -0.0418994314968586, -0.08987332135438919], [-0.06486254930496216, -0.7617530822753906, 0.6446123719215393, -0.01732119917869568], [0.0, 0.645972728729248, 0.7633606195449829, 1.037390947341919], [0.0, 0.0, 0.0, 1.0]]}, {"file_path": "./train/r_19", "transform_matrix": [[-0.9970813393592834, 0.05818398669362068, -0.04943065345287323, -0.1060505360364914], [-0.07634635269641876, -0.759881317615509, 0.645563006401062, -0.014982789754867554], [-3.7252898543727042e-09, 0.6474527716636658, 0.7621057033538818, 1.0350525379180908], [0.0, 0.0, 0.0, 1.0]]}, {"file_path": "./train/r_20", "transform_matrix": [[-0.9960641860961914, 0.06742549687623978, -0.05753319337964058, -0.1234709620475769], [-0.08863558620214462, -0.7577105760574341, 0.6465434432029724, -0.012464702129364014], [7.450581485102248e-09, 0.6490981578826904, 0.7607045769691467, 1.0325344800949097], [0.0, 0.0, 0.0, 1.0]]}, {"file_path": "./train/r_21", "transform_matrix": [[-0.9916304349899292, 0.09742682427167892, -0.08471766859292984, -0.18206417560577393], [-0.1291087567806244, -0.7482947707176208, 0.6506810188293457, -0.0016410350799560547], [0.0, 0.6561728715896606, 0.7546106576919556, 1.0217108726501465], [0.0, 0.0, 0.0, 1.0]]}, {"file_path": "./train/r_22", "transform_matrix": [[-0.9896624088287354, 0.10780435800552368, -0.09458579123020172, -0.2034021019935608], [-0.14341634511947632, -0.7439174056053162, 0.6527010798454285, 0.0036016106605529785], [7.4505797087454084e-09, 0.6595188975334167, 0.7516880035400391, 1.0164681673049927], [0.0, 0.0, 0.0, 1.0]]}, {"file_path": "./train/r_23", "transform_matrix": [[-0.9874017834663391, 0.11844293773174286, -0.10492384433746338, -0.22581246495246887], [-0.15823319554328918, -0.7391039133071899, 0.6547424793243408, 0.009107798337936401], [0.0, 0.6630963087081909, 0.748534083366394, 1.0109620094299316], [0.0, 0.0, 0.0, 1.0]]}, {"file_path": "./train/r_24", "transform_matrix": [[-0.9849713444709778, 0.12859266996383667, -0.11530624330043793, -0.24836759269237518], [-0.17271828651428223, -0.7333334684371948, 0.657564103603363, 0.016381382942199707], [-7.450580596923828e-09, 0.667597234249115, 0.7445226311683655, 1.0036884546279907], [0.0, 0.0, 0.0, 1.0]]}, {"file_path": "./train/r_25", "transform_matrix": [[-0.982316255569458, 0.13854628801345825, -0.12593570351600647, -0.27152907848358154], [-0.1872294843196869, -0.7268955111503601, 0.6607329845428467, 0.024601668119430542], [7.450580596923828e-09, 0.6726276278495789, 0.7399811744689941, 0.9954681396484375], [0.0, 0.0, 0.0, 1.0]]}, {"file_path": "./train/r_26", "transform_matrix": [[-0.9793798327445984, 0.1485212743282318, -0.13695505261421204, -0.29563361406326294], [-0.20202785730361938, -0.7199934720993042, 0.6639233827590942, 0.03315672278404236], [7.450580596923828e-09, 0.6779018044471741, 0.7351524829864502, 0.9869130849838257], [0.0, 0.0, 0.0, 1.0]]}, {"file_path": "./train/r_27", "transform_matrix": [[-0.9764107465744019, 0.15748387575149536, -0.14771884679794312, -0.3192618787288666], [-0.2159213423728943, -0.7121526002883911, 0.667994499206543, 0.04372358322143555], [0.0, 0.6841326951980591, 0.7293575406074524, 0.9763462543487549], [0.0, 0.0, 0.0, 1.0]]}, {"file_path": "./train/r_28", "transform_matrix": [[-0.9732840061187744, 0.16601121425628662, -0.1586148738861084, -0.34329310059547424], [-0.22960489988327026, -0.7037134766578674, 0.6723607182502747, 0.05520272254943848], [-7.450581485102248e-09, 0.6908165216445923, 0.7230300307273865, 0.964867115020752], [0.0, 0.0, 0.0, 1.0]]}, {"file_path": "./train/r_29", "transform_matrix": [[-0.9699856042861938, 0.1741703301668167, -0.16968388855457306, -0.3678410053253174], [-0.2431623488664627, -0.6947733759880066, 0.6768767237663269, 0.06733444333076477], [-7.450580596923828e-09, 0.697821319103241, 0.7162718772888184, 0.9527353644371033], [0.0, 0.0, 0.0, 1.0]]}, {"file_path": "./train/r_30", "transform_matrix": [[-0.9668959379196167, 0.18077205121517181, -0.1800937056541443, -0.3910534977912903], [-0.2551710903644562, -0.6849825978279114, 0.6824122071266174, 0.08178243041038513], [0.0, 0.7057763338088989, 0.7084347009658813, 0.9382873773574829], [0.0, 0.0, 0.0, 1.0]]}, {"file_path": "./train/r_31", "transform_matrix": [[-0.9606672525405884, 0.19193987548351288, -0.20069289207458496, -0.4374840557575226], [-0.27770230174064636, -0.6639857292175293, 0.6942653656005859, 0.11340701580047607], [0.0, 0.722690761089325, 0.6911715269088745, 0.9066628217697144], [0.0, 0.0, 0.0, 1.0]]}, {"file_path": "./train/r_32", "transform_matrix": [[-0.9577717781066895, 0.19595091044902802, -0.2104199230670929, -0.45969054102897644], [-0.2875296473503113, -0.6527196168899536, 0.7009164094924927, 0.13124582171440125], [0.0, 0.7318198680877686, 0.681498110294342, 0.8888239860534668], [0.0, 0.0, 0.0, 1.0]]}, {"file_path": "./train/r_33", "transform_matrix": [[-0.9999974966049194, 0.001744104316458106, -0.0014630333753302693, -0.003136303974315524], [-0.0022764813620597124, -0.76613849401474, 0.642671525478363, -0.022305220365524292], [0.0, 0.6426731944084167, 0.7661405205726624, 1.042375087738037], [0.0, 0.0, 0.0, 1.0]]}, {"file_path": "./train/r_34", "transform_matrix": [[-0.9550882577896118, 0.19888854026794434, -0.21965844929218292, -0.48099765181541443], [-0.2963215708732605, -0.6410471200942993, 0.7079916596412659, 0.15032649040222168], [1.4901161193847656e-08, 0.7412839531898499, 0.6711915135383606, 0.8697433471679688], [0.0, 0.0, 0.0, 1.0]]}, {"file_path": "./train/r_35", "transform_matrix": [[-0.95062255859375, 0.2012898325920105, -0.23621860146522522, -0.5199134349822998], [-0.31034955382347107, -0.6165649890899658, 0.723554253578186, 0.19253161549568176], [0.0, 0.7611372470855713, 0.6485908031463623, 0.8275381922721863], [0.0, 0.0, 0.0, 1.0]]}, {"file_path": "./train/r_36", "transform_matrix": [[-0.9490652084350586, 0.20048576593399048, -0.24306537210941315, -0.5364281535148621], [-0.3150798976421356, -0.6038914918899536, 0.7321472764015198, 0.21579740941524506], [0.0, 0.7714404463768005, 0.6363014578819275, 0.8042724132537842], [0.0, 0.0, 0.0, 1.0]]}, {"file_path": "./train/r_37", "transform_matrix": [[-0.9476486444473267, 0.1991267204284668, -0.24962089955806732, -0.5525224804878235], [-0.31931495666503906, -0.590959370136261, 0.7408137321472168, 0.23975148797035217], [0.0, 0.781738817691803, 0.6236059665679932, 0.7803183197975159], [0.0, 0.0, 0.0, 1.0]]}, {"file_path": "./train/r_38", "transform_matrix": [[-0.9469674825668335, 0.1961018592119217, -0.2545519769191742, -0.5650792121887207], [-0.3213295042514801, -0.5779179334640503, 0.7501721382141113, 0.2653048634529114], [0.0, 0.7921835780143738, 0.6102827787399292, 0.754764974117279], [0.0, 0.0, 0.0, 1.0]]}, {"file_path": "./train/r_39", "transform_matrix": [[-0.9464176893234253, 0.19267170131206512, -0.2591742277145386, -0.5771710276603699], [-0.32294532656669617, -0.5646401643753052, 0.7595313191413879, 0.2914469838142395], [1.4901162970204496e-08, 0.8025328516960144, 0.5966078639030457, 0.7286227941513062], [0.0, 0.0, 0.0, 1.0]]}, {"file_path": "./train/r_40", "transform_matrix": [[-0.9466581344604492, 0.18770316243171692, -0.2619274854660034, -0.5851007103919983], [-0.32223981618881226, -0.5514238476753235, 0.7694759368896484, 0.3188762664794922], [0.0, 0.8128340840339661, 0.5824952125549316, 0.7011935710906982], [0.0, 0.0, 0.0, 1.0]]}, {"file_path": "./train/r_41", "transform_matrix": [[-0.947026789188385, 0.1824435293674469, -0.26430028676986694, -0.592377781867981], [-0.3211546242237091, -0.5379928946495056, 0.7793737053871155, 0.346814900636673], [1.4901161193847656e-08, 0.8229690790176392, 0.5680862069129944, 0.6732549071311951], [0.0, 0.0, 0.0, 1.0]]}, {"file_path": "./train/r_42", "transform_matrix": [[-0.948161780834198, 0.1758849173784256, -0.26467686891555786, -0.5951195359230042], [-0.3177882134914398, -0.5247750878334045, 0.7896972298622131, 0.3756151497364044], [1.4901162970204496e-08, 0.8328718543052673, 0.5534658432006836, 0.6444546580314636], [0.0, 0.0, 0.0, 1.0]]}, {"file_path": "./train/r_43", "transform_matrix": [[-0.999987006187439, 0.003901023417711258, -0.003273195354267955, -0.007016703020781279], [-0.005092326086014509, -0.7660492658615112, 0.642761766910553, -0.022120505571365356], [-2.3283061589829401e-10, 0.6427700519561768, 0.766059160232544, 1.0421903133392334], [0.0, 0.0, 0.0, 1.0]]}, {"file_path": "./train/r_44", "transform_matrix": [[-0.9494106769561768, 0.16914623975753784, -0.26459217071533203, -0.5969820022583008], [-0.31403738260269165, -0.5113699436187744, 0.7999259233474731, 0.40482062101364136], [-1.4901161193847656e-08, 0.8425499200820923, 0.538618266582489, 0.6152491569519043], [0.0, 0.0, 0.0, 1.0]]}, {"file_path": "./train/r_45", "transform_matrix": [[-0.9533957242965698, 0.15353237092494965, -0.25973910093307495, -0.5899805426597595], [-0.3017227053642273, -0.4851378798484802, 0.8207342028617859, 0.464244544506073], [0.0, 0.8608537316322327, 0.508852481842041, 0.5558252930641174], [0.0, 0.0, 0.0, 1.0]]}, {"file_path": "./train/r_46", "transform_matrix": [[-0.9559766054153442, 0.14499932527542114, -0.2551155090332031, -0.5813766717910767], [-0.29344287514686584, -0.4723779857158661, 0.831113874912262, 0.4940056800842285], [0.0, 0.8693872690200806, 0.49413132667541504, 0.5260641574859619], [0.0, 0.0, 0.0, 1.0]]}, {"file_path": "./train/r_47", "transform_matrix": [[-0.9587271809577942, 0.13633869588375092, -0.24950772523880005, -0.5704983472824097], [-0.2843279242515564, -0.4597213566303253, 0.8413167595863342, 0.5236672163009644], [0.0, 0.8775352239608765, 0.47951221466064453, 0.4964026212692261], [0.0, 0.0, 0.0, 1.0]]}, {"file_path": "./train/r_48", "transform_matrix": [[-0.9617695212364197, 0.1273966282606125, -0.24242426455020905, -0.5561001896858215], [-0.27386021614074707, -0.4474041163921356, 0.8513696193695068, 0.5529678463935852], [7.4505797087454084e-09, 0.885211706161499, 0.46518847346305847, 0.46710193157196045], [0.0, 0.0, 0.0, 1.0]]}, {"file_path": "./train/r_49", "transform_matrix": [[-0.9650266170501709, 0.11831310391426086, -0.23393514752388, -0.5382981300354004], [-0.26215195655822754, -0.43553096055984497, 0.86115562915802, 0.5815683603286743], [0.0, 0.8923646807670593, 0.4513149559497833, 0.4385014772415161], [0.0, 0.0, 0.0, 1.0]]}, {"file_path": "./train/r_50", "transform_matrix": [[-0.9718533754348755, 0.10010932385921478, -0.21325871348381042, -0.4936506152153015], [-0.23558685183525085, -0.4129754304885864, 0.8797443509101868, 0.6364293098449707], [0.0, 0.9052233099937439, 0.4249360263347626, 0.38364049792289734], [0.0, 0.0, 0.0, 1.0]]}, {"file_path": "./train/r_51", "transform_matrix": [[-0.9999595880508423, 0.00689310859888792, -0.005785875953733921, -0.012403060682117939], [-0.008999518118798733, -0.7659110426902771, 0.6428835391998291, -0.021864116191864014], [0.0, 0.6429095268249512, 0.7659420967102051, 1.0419338941574097], [0.0, 0.0, 0.0, 1.0]]}, {"file_path": "./train/r_52", "transform_matrix": [[-0.9787465333938599, 0.08223328739404678, -0.1878642737865448, -0.4372389614582062], [-0.20507390797138214, -0.39247092604637146, 0.8966109752655029, 0.686789870262146], [0.0, 0.916080892086029, 0.4009934365749359, 0.33327990770339966], [0.0, 0.0, 0.0, 1.0]]}, {"file_path": "./train/r_53", "transform_matrix": [[-0.9820879697799683, 0.0735231265425682, -0.17348654568195343, -0.40476322174072266], [-0.18842297792434692, -0.3832131624221802, 0.9042370319366455, 0.7096843719482422], [7.4505797087454084e-09, 0.9207290410995483, 0.3902025520801544, 0.31038546562194824], [0.0, 0.0, 0.0, 1.0]]}, {"file_path": "./train/r_54", "transform_matrix": [[-0.9852566719055176, 0.06501998007297516, -0.15824611485004425, -0.3700807988643646], [-0.17108312249183655, -0.3744458854198456, 0.9113291501998901, 0.7312714457511902], [-3.725290742551124e-09, 0.9249662756919861, 0.3800491392612457, 0.28879836201667786], [0.0, 0.0, 0.0, 1.0]]}, {"file_path": "./train/r_55", "transform_matrix": [[-0.9882789850234985, 0.05667855963110924, -0.14174723625183105, -0.3321293592453003], [-0.15265889465808868, -0.36692410707473755, 0.9176393747329712, 0.7501299381256104], [0.0, 0.9285226464271545, 0.37127578258514404, 0.2699398696422577], [0.0, 0.0, 0.0, 1.0]]}, {"file_path": "./train/r_56", "transform_matrix": [[-0.9934514760971069, 0.040692154318094254, -0.10676351189613342, -0.2510262727737427], [-0.11425542086362839, -0.35381850600242615, 0.9283093214035034, 0.78267502784729], [0.0, 0.9344284534454346, 0.3561508059501648, 0.237394779920578], [0.0, 0.0, 0.0, 1.0]]}, {"file_path": "./train/r_57", "transform_matrix": [[-0.995553195476532, 0.032999489456415176, -0.08823269605636597, -0.20772823691368103], [-0.09420178085565567, -0.34874868392944336, 0.9324700832366943, 0.7953354120254517], [1.862645149230957e-09, 0.9366351962089539, 0.3503064513206482, 0.224734365940094], [0.0, 0.0, 0.0, 1.0]]}, {"file_path": "./train/r_58", "transform_matrix": [[-0.9972732663154602, 0.025478020310401917, -0.06926050782203674, -0.16326282918453217], [-0.07379801571369171, -0.34429851174354553, 0.9359554052352905, 0.8062604665756226], [1.8626449271863521e-09, 0.9385145306587219, 0.3452399671077728, 0.21380937099456787], [0.0, 0.0, 0.0, 1.0]]}, {"file_path": "./train/r_59", "transform_matrix": [[-0.9986006021499634, 0.01808721199631691, -0.04969591274857521, -0.11721819639205933], [-0.05288507789373398, -0.3415311276912689, 0.9383813142776489, 0.8133684396743774], [0.0, 0.9396963715553284, 0.3420097231864929, 0.2067013382911682], [0.0, 0.0, 0.0, 1.0]]}, {"file_path": "./train/r_60", "transform_matrix": [[-0.9994921088218689, 0.01081506535410881, -0.029977859929203987, -0.07075616717338562], [-0.0318690724670887, -0.3391869068145752, 0.9401790499687195, 0.8190866112709045], [0.0, 0.940656840801239, 0.3393592834472656, 0.2009831964969635], [0.0, 0.0, 0.0, 1.0]]}, {"file_path": "./train/r_61", "transform_matrix": [[-0.9999023079872131, 0.010703425854444504, -0.008988579735159874, -0.01926872320473194], [-0.01397704891860485, -0.7657110095024109, 0.6430328488349915, -0.021537333726882935], [0.0, 0.6430956125259399, 0.7657859325408936, 1.041607141494751], [0.0, 0.0, 0.0, 1.0]]}, {"file_path": "./train/r_62", "transform_matrix": [[-0.9999436140060425, 0.0035928767174482346, -0.009992538020014763, -0.023589275777339935], [-0.010618831031024456, -0.33833047747612, 0.9409674406051636, 0.8213316798210144], [0.0, 0.9410204291343689, 0.3383495509624481, 0.19873812794685364], [0.0, 0.0, 0.0, 1.0]]}, {"file_path": "./train/r_63", "transform_matrix": [[-0.9999436736106873, -0.0035930932499468327, 0.00999313872307539, 0.02359069511294365], [0.010619469918310642, -0.33833053708076477, 0.9409674406051636, 0.8213316202163696], [2.3283067140944524e-10, 0.9410204291343689, 0.3383496105670929, 0.1987381875514984], [0.0, 0.0, 0.0, 1.0]]}, {"file_path": "./train/r_64", "transform_matrix": [[-0.9994921088218689, -0.010815217159688473, 0.029978280887007713, 0.07075716555118561], [0.03186952322721481, -0.3391868770122528, 0.9401789903640747, 0.8190866112709045], [-9.31322685637781e-10, 0.9406567811965942, 0.33935925364494324, 0.2009831964969635], [0.0, 0.0, 0.0, 1.0]]}, {"file_path": "./train/r_65", "transform_matrix": [[-0.9986006021499634, -0.01808740384876728, 0.04969644173979759, 0.11721944063901901], [0.052885640412569046, -0.34153109788894653, 0.9383813142776489, 0.8133683800697327], [-1.862645371275562e-09, 0.9396963715553284, 0.3420097231864929, 0.20670142769813538], [0.0, 0.0, 0.0, 1.0]]}, {"file_path": "./train/r_66", "transform_matrix": [[-0.9955530762672424, -0.03299964964389801, 0.0882330909371376, 0.20772916078567505], [0.0942022055387497, -0.34874874353408813, 0.9324699640274048, 0.7953352332115173], [-3.725290298461914e-09, 0.9366351366043091, 0.35030651092529297, 0.2247345745563507], [0.0, 0.0, 0.0, 1.0]]}, {"file_path": "./train/r_67", "transform_matrix": [[-0.9934513568878174, -0.04069235175848007, 0.10676397383213043, 0.251027375459671], [0.11425592005252838, -0.3538186252117157, 0.9283091425895691, 0.7826746702194214], [0.0, 0.9344283938407898, 0.35615092515945435, 0.23739513754844666], [0.0, 0.0, 0.0, 1.0]]}, {"file_path": "./train/r_68", "transform_matrix": [[-0.9909979104995728, -0.04859963059425354, 0.124744713306427, 0.29285958409309387], [0.13387742638587952, -0.3597479462623596, 0.9233949780464172, 0.7678278684616089], [0.0, 0.9317829012870789, 0.36301589012145996, 0.25224196910858154], [0.0, 0.0, 0.0, 1.0]]}, {"file_path": "./train/r_69", "transform_matrix": [[-0.988278865814209, -0.056678712368011475, 0.1417475789785385, 0.3321301341056824], [0.15265926718711853, -0.3669241666793823, 0.9176392555236816, 0.7501295804977417], [0.0, 0.9285225868225098, 0.371275931596756, 0.26994022727012634], [0.0, 0.0, 0.0, 1.0]]}, {"file_path": "./train/r_70", "transform_matrix": [[-0.9852566123008728, -0.06502015888690948, 0.15824642777442932, 0.37008148431777954], [0.1710834801197052, -0.3744460940361023, 0.9113290309906006, 0.7312710285186768], [0.0, 0.9249662756919861, 0.38004937767982483, 0.2887987792491913], [0.0, 0.0, 0.0, 1.0]]}, {"file_path": "./train/r_71", "transform_matrix": [[-0.9997999668121338, 0.015314135700464249, -0.012868698686361313, -0.0275870393961668], [-0.02000315487384796, -0.7654329538345337, 0.6432048082351685, -0.02114143967628479], [0.0, 0.6433334946632385, 0.7655860781669617, 1.0412112474441528], [0.0, 0.0, 0.0, 1.0]]}, {"file_path": "./train/r_72", "transform_matrix": [[-0.9820879697799683, -0.0735233798623085, 0.17348693311214447, 0.4047641158103943], [0.1884234994649887, -0.38321349024772644, 0.9042366743087769, 0.7096837759017944], [0.0, 0.9207289218902588, 0.3902027904987335, 0.3103860020637512], [0.0, 0.0, 0.0, 1.0]]}, {"file_path": "./train/r_73", "transform_matrix": [[-0.9787464141845703, -0.0822334736585617, 0.18786457180976868, 0.4372396171092987], [0.2050742208957672, -0.3924711346626282, 0.8966108560562134, 0.686789333820343], [0.0, 0.916080892086029, 0.4009937047958374, 0.333280473947525], [0.0, 0.0, 0.0, 1.0]]}, {"file_path": "./train/r_74", "transform_matrix": [[-0.9752702116966248, -0.09115926176309586, 0.20134073495864868, 0.4674154818058014], [0.2210160791873932, -0.40225541591644287, 0.888449490070343, 0.6625486612319946], [7.450580596923828e-09, 0.910977840423584, 0.41245535016059875, 0.3575211465358734], [0.0, 0.0, 0.0, 1.0]]}, {"file_path": "./train/r_75", "transform_matrix": [[-0.9718531966209412, -0.10010956227779388, 0.2132590115070343, 0.4936511814594269], [0.2355871945619583, -0.4129757881164551, 0.8797441720962524, 0.636428713798523], [7.4505797087454084e-09, 0.9052233099937439, 0.42493635416030884, 0.3836411237716675], [0.0, 0.0, 0.0, 1.0]]}, {"file_path": "./train/r_76", "transform_matrix": [[-0.9683235883712769, -0.10928275436162949, 0.22451458871364594, 0.518260657787323], [0.24969886243343353, -0.4237947463989258, 0.8706598281860352, 0.6097968816757202], [0.0, 0.8991414308547974, 0.4376581907272339, 0.41027289628982544], [0.0, 0.0, 0.0, 1.0]]}, {"file_path": "./train/r_77", "transform_matrix": [[-0.9650266170501709, -0.11831332743167877, 0.2339353859424591, 0.5382986068725586], [0.2621522843837738, -0.43553125858306885, 0.8611554503440857, 0.5815675854682922], [7.450581485102248e-09, 0.892364501953125, 0.451315313577652, 0.4385022222995758], [0.0, 0.0, 0.0, 1.0]]}, {"file_path": "./train/r_78", "transform_matrix": [[-0.9617694616317749, -0.12739697098731995, 0.24242451786994934, 0.5561007261276245], [0.2738606333732605, -0.4474045932292938, 0.8513691425323486, 0.5529667735099792], [-7.450581485102248e-09, 0.8852113485336304, 0.46518903970718384, 0.4671030640602112], [0.0, 0.0, 0.0, 1.0]]}, {"file_path": "./train/r_79", "transform_matrix": [[-0.9587270617485046, -0.13633882999420166, 0.24950779974460602, 0.570498526096344], [0.28432801365852356, -0.45972153544425964, 0.8413165807723999, 0.5236667394638062], [-7.450581485102248e-09, 0.8775350451469421, 0.47951242327690125, 0.4964030981063843], [0.0, 0.0, 0.0, 1.0]]}, {"file_path": "./train/r_80", "transform_matrix": [[-0.955976665019989, -0.14499948918819427, 0.2551155686378479, 0.5813767910003662], [0.29344305396080017, -0.4723782539367676, 0.8311136364936829, 0.494005024433136], [-7.450581485102248e-09, 0.869387149810791, 0.4941316246986389, 0.5260648131370544], [0.0, 0.0, 0.0, 1.0]]}, {"file_path": "./train/r_81", "transform_matrix": [[-0.9533957242965698, -0.153532475233078, 0.2597391903400421, 0.5899806022644043], [0.30172285437583923, -0.485137939453125, 0.8207340836524963, 0.4642440676689148], [0.0, 0.8608535528182983, 0.5088527202606201, 0.5558257102966309], [0.0, 0.0, 0.0, 1.0]]}, {"file_path": "./train/r_82", "transform_matrix": [[-0.9996340274810791, 0.020706258714199066, -0.01741344854235649, -0.03733134642243385], [-0.027055082842707634, -0.7650570273399353, 0.6433939337730408, -0.0206775963306427], [9.31322685637781e-10, 0.6436294317245483, 0.7653372883796692, 1.0407474040985107], [0.0, 0.0, 0.0, 1.0]]}, {"file_path": "./train/r_83", "transform_matrix": [[-0.9513413906097412, -0.16140098869800568, 0.2624867856502533, 0.5941649675369263], [0.308138906955719, -0.49830591678619385, 0.8103960156440735, 0.4344121813774109], [0.0, 0.8518456816673279, 0.5237929821014404, 0.5856575965881348], [0.0, 0.0, 0.0, 1.0]]}, {"file_path": "./train/r_84", "transform_matrix": [[-0.949410617351532, -0.169146329164505, 0.26459217071533203, 0.5969820022583008], [0.31403741240501404, -0.511370062828064, 0.7999258041381836, 0.4048202633857727], [0.0, 0.8425498604774475, 0.5386184453964233, 0.615249514579773], [0.0, 0.0, 0.0, 1.0]]}, {"file_path": "./train/r_85", "transform_matrix": [[-0.9481617212295532, -0.17588499188423157, 0.26467686891555786, 0.5951195359230042], [0.3177882432937622, -0.5247752666473389, 0.7896971106529236, 0.37561488151550293], [0.0, 0.8328717947006226, 0.5534660220146179, 0.6444549560546875], [0.0, 0.0, 0.0, 1.0]]}, {"file_path": "./train/r_86", "transform_matrix": [[-0.947026789188385, -0.18244364857673645, 0.26430028676986694, 0.592377781867981], [0.3211546838283539, -0.5379931330680847, 0.7793734669685364, 0.34681424498558044], [0.0, 0.8229687809944153, 0.5680865049362183, 0.6732555627822876], [0.0, 0.0, 0.0, 1.0]]}, {"file_path": "./train/r_87", "transform_matrix": [[-0.9466581344604492, -0.18770325183868408, 0.2619275152683258, 0.5851007103919983], [0.32223987579345703, -0.5514240264892578, 0.7694758772850037, 0.31887590885162354], [0.0, 0.8128340244293213, 0.5824954509735107, 0.7011939287185669], [0.0, 0.0, 0.0, 1.0]]}, {"file_path": "./train/r_88", "transform_matrix": [[-0.9464176893234253, -0.19267180562019348, 0.2591741979122162, 0.5771709680557251], [0.32294535636901855, -0.5646404027938843, 0.7595310807228088, 0.29144659638404846], [0.0, 0.8025327324867249, 0.5966081023216248, 0.7286232113838196], [0.0, 0.0, 0.0, 1.0]]}, {"file_path": "./train/r_89", "transform_matrix": [[-0.9476487040519714, -0.199126735329628, 0.24962089955806732, 0.5525224804878235], [0.31931498646736145, -0.590959370136261, 0.740813672542572, 0.23975136876106262], [0.0, 0.781738817691803, 0.6236059665679932, 0.7803184390068054], [0.0, 0.0, 0.0, 1.0]]}, {"file_path": "./train/r_90", "transform_matrix": [[-0.9490652084350586, -0.20048584043979645, 0.24306529760360718, 0.5364279747009277], [0.3150798976421356, -0.6038917303085327, 0.7321470975875854, 0.2157970815896988], [0.0, 0.7714403867721558, 0.6363016366958618, 0.8042727112770081], [0.0, 0.0, 0.0, 1.0]]}, {"file_path": "./train/r_91", "transform_matrix": [[-0.9506226181983948, -0.20128989219665527, 0.23621858656406403, 0.519913375377655], [0.31034955382347107, -0.6165651082992554, 0.7235541343688965, 0.19253137707710266], [1.4901162970204496e-08, 0.7611371874809265, 0.6485909223556519, 0.8275384306907654], [0.0, 0.0, 0.0, 1.0]]}, {"file_path": "./train/r_92", "transform_matrix": [[-0.9993835687637329, 0.026859477162361145, -0.022609805688261986, -0.0484750010073185], [-0.03510890156030655, -0.764561653137207, 0.6435936689376831, -0.0201471745967865], [-1.862645371275562e-09, 0.643990695476532, 0.7650332450866699, 1.0402169227600098], [0.0, 0.0, 0.0, 1.0]]}, {"file_path": "./train/r_93", "transform_matrix": [[-0.9527719020843506, -0.2004745453596115, 0.22811362147331238, 0.500738263130188], [0.3036871552467346, -0.6289581656455994, 0.7156715393066406, 0.17098960280418396], [0.0, 0.7511469125747681, 0.6601351499557495, 0.8490802049636841], [0.0, 0.0, 0.0, 1.0]]}, {"file_path": "./train/r_94", "transform_matrix": [[-0.9550882577896118, -0.19888846576213837, 0.2196582704782486, 0.480997234582901], [0.29632142186164856, -0.6410472989082336, 0.7079914808273315, 0.15032601356506348], [0.0, 0.7412838339805603, 0.6711918115615845, 0.869743824005127], [0.0, 0.0, 0.0, 1.0]]}, {"file_path": "./train/r_95", "transform_matrix": [[-0.9606671929359436, -0.19193989038467407, 0.20069284737110138, 0.4374839663505554], [0.2777022421360016, -0.6639858484268188, 0.6942653059959412, 0.11340692639350891], [0.0, 0.7226907014846802, 0.6911715269088745, 0.9066628813743591], [0.0, 0.0, 0.0, 1.0]]}, {"file_path": "./train/r_96", "transform_matrix": [[-0.9636476039886475, -0.18708913028240204, 0.19073791801929474, 0.4149572253227234], [0.2671765089035034, -0.6747898459434509, 0.6879502534866333, 0.09666064381599426], [-1.4901159417490817e-08, 0.7139022946357727, 0.7002453804016113, 0.9234091639518738], [0.0, 0.0, 0.0, 1.0]]}, {"file_path": "./train/r_97", "transform_matrix": [[-0.9668959379196167, -0.18077199161052704, 0.18009355664253235, 0.39105314016342163], [0.25517091155052185, -0.6849828958511353, 0.6824122071266174, 0.08178222179412842], [-7.4505797087454084e-09, 0.7057760953903198, 0.7084349393844604, 0.938287615776062], [0.0, 0.0, 0.0, 1.0]]}, {"file_path": "./train/r_98", "transform_matrix": [[-0.9699857234954834, -0.17417019605636597, 0.16968359053134918, 0.36784040927886963], [0.24316205084323883, -0.6947737336158752, 0.676876425743103, 0.06733408570289612], [0.0, 0.6978210806846619, 0.7162719964981079, 0.9527357220649719], [0.0, 0.0, 0.0, 1.0]]}, {"file_path": "./train/r_99", "transform_matrix": [[-0.9793798327445984, -0.1485210657119751, 0.13695482909679413, 0.29563310742378235], [0.20202754437923431, -0.7199935913085938, 0.6639233231544495, 0.03315657377243042], [0.0, 0.6779016852378845, 0.735152542591095, 0.9869132041931152], [0.0, 0.0, 0.0, 1.0]]}]}